128 787
1 17
1 26
1 39
1 51
1 52
1 62
1 65
1 91
1 95
1 96
1 104
1 105
1 124
1 126
2 12
2 15
2 42
2 69
2 70
2 71
2 73
2 84
2 93
3 13
3 51
3 60
3 65
3 76
3 78
3 84
3 93
3 95
3 108
3 109
3 123
4 11
4 22
4 41
4 43
4 46
4 53
4 55
4 77
4 79
4 80
4 83
4 84
4 107
4 110
4 113
4 117
4 119
4 120
5 14
5 19
5 20
5 33
5 40
5 51
5 78
5 100
5 101
5 113
5 115
5 127
5 128
6 14
6 39
6 55
6 64
6 96
6 112
6 113
6 126
7 15
7 22
7 24
7 26
7 59
7 112
7 118
8 9
8 17
8 21
8 39
8 45
8 48
8 49
8 64
8 70
8 82
8 86
8 92
8 113
8 125
9 10
9 16
9 18
9 31
9 48
9 66
9 72
9 77
9 82
9 86
9 88
9 104
9 123
10 19
10 27
10 42
10 69
10 75
10 76
10 86
10 101
10 107
10 117
10 119
11 18
11 34
11 39
11 52
11 59
11 60
11 64
11 91
11 98
11 104
11 106
11 117
12 14
12 22
12 41
12 67
12 70
12 79
12 96
12 124
13 31
13 48
13 54
13 61
13 65
13 78
13 90
13 96
13 123
13 126
13 127
14 20
14 29
14 36
14 38
14 51
14 52
14 59
14 73
14 79
15 16
15 41
15 43
15 50
15 63
15 65
15 70
15 71
15 76
15 81
15 84
15 87
15 88
15 127
16 17
16 34
16 48
16 67
16 81
16 88
16 100
16 104
16 105
16 106
16 114
16 119
16 121
17 35
17 38
17 39
17 42
17 43
17 44
17 45
17 46
17 57
17 58
17 74
17 76
17 95
17 101
17 104
17 112
17 127
18 30
18 40
18 41
18 56
18 70
18 77
18 115
19 20
19 28
19 42
19 80
19 89
19 93
19 120
19 122
20 27
20 29
20 35
20 37
20 42
20 43
20 56
20 63
20 75
20 88
20 116
20 118
21 24
21 52
21 60
21 65
21 74
21 82
21 89
21 96
21 121
22 39
22 43
22 47
22 54
22 55
22 58
22 73
22 82
22 91
22 99
22 113
22 122
22 126
23 42
23 43
23 50
23 54
23 61
23 72
23 104
23 106
23 108
23 111
23 125
23 126
24 27
24 37
24 56
24 57
24 65
24 70
24 74
24 75
24 82
24 88
24 128
25 37
25 50
25 54
25 59
25 87
25 88
25 113
26 31
26 43
26 48
26 61
26 71
26 74
26 88
26 94
26 105
26 121
26 126
27 32
27 39
27 50
27 58
27 63
27 66
27 72
27 93
27 111
28 50
28 53
28 57
28 77
28 93
28 120
28 121
28 125
29 40
29 49
29 59
29 65
29 71
29 81
29 84
29 88
29 92
29 101
29 106
29 111
29 117
29 121
29 122
30 42
30 47
30 81
30 87
30 96
30 106
31 41
31 51
31 57
31 66
31 74
31 94
31 101
31 127
32 42
32 44
32 45
32 53
32 98
32 113
32 127
33 55
33 69
33 81
33 90
33 99
33 100
33 111
33 115
34 37
34 65
34 67
34 73
34 95
34 110
34 115
35 65
35 68
35 73
35 83
35 94
35 104
35 106
35 111
35 116
36 58
36 75
36 88
36 94
36 118
37 56
37 73
37 74
37 81
37 84
37 90
37 94
37 125
38 51
38 60
38 74
38 85
38 102
38 105
38 106
38 112
38 119
38 121
39 49
39 55
39 66
39 78
39 85
39 108
39 117
40 43
40 49
40 61
40 71
40 73
40 76
40 95
40 103
40 125
41 43
41 44
41 53
41 98
41 127
42 43
42 48
42 56
42 84
42 92
42 94
42 112
42 125
42 127
43 44
43 46
43 50
43 74
43 79
43 84
43 89
43 98
43 102
43 112
43 116
43 127
44 72
44 91
44 113
44 118
44 128
45 54
45 56
45 65
45 79
45 82
45 87
45 100
45 114
45 119
46 65
46 75
46 77
46 78
46 88
46 92
46 97
46 109
46 112
46 114
46 117
46 119
46 125
47 49
47 59
47 69
47 74
47 79
47 81
47 97
47 106
47 107
47 113
48 52
48 59
48 60
48 65
48 70
48 73
48 85
48 88
48 94
48 99
48 108
48 115
49 52
49 55
49 58
49 59
49 89
49 98
49 105
49 117
49 120
49 126
50 65
50 69
50 70
50 76
50 101
50 102
50 119
50 120
51 67
51 69
51 82
51 101
51 103
51 104
51 107
51 124
51 126
52 62
52 84
52 95
52 99
52 101
53 55
53 58
53 60
53 63
53 67
53 76
53 83
53 85
53 94
53 112
53 117
54 60
54 62
54 74
54 77
54 83
54 90
54 102
54 111
54 120
55 69
55 78
55 107
55 111
55 121
55 126
56 61
56 71
56 83
56 94
56 96
56 124
57 70
57 71
57 73
57 82
57 84
57 86
57 90
57 109
57 110
58 64
58 74
58 77
58 82
58 90
58 93
58 101
58 107
58 116
58 119
58 121
58 125
59 63
59 81
59 87
59 94
59 97
59 105
59 112
60 69
60 109
60 118
60 122
60 126
61 62
61 66
61 84
61 97
61 110
62 66
62 68
62 86
62 97
62 107
62 126
63 73
63 74
63 87
63 89
63 109
63 110
63 118
63 125
64 84
64 87
64 97
64 107
64 118
65 76
65 102
65 105
65 125
66 76
66 82
66 84
66 88
66 96
66 128
67 80
67 120
68 79
68 98
68 103
69 87
69 100
69 123
70 72
70 84
70 85
70 87
70 117
71 82
71 87
71 107
72 98
72 102
72 108
72 115
72 122
73 101
73 109
73 118
73 123
73 125
74 99
74 110
74 114
75 79
75 81
75 83
75 96
75 101
75 108
75 109
75 119
76 77
76 79
76 80
76 88
76 103
76 108
76 120
76 122
76 127
77 85
77 99
77 106
77 122
78 80
78 84
78 87
78 88
78 106
78 118
79 93
79 99
79 107
81 87
81 110
81 123
81 128
82 113
82 117
82 121
83 93
83 98
83 105
84 96
84 97
84 127
85 91
85 109
85 115
85 118
86 87
86 92
86 94
86 113
86 120
86 124
86 126
86 127
87 104
87 115
87 117
88 94
88 95
88 101
88 108
88 115
88 126
89 94
89 97
89 103
89 107
89 119
90 92
90 101
90 107
91 109
91 113
91 115
91 127
92 113
92 116
92 120
93 125
93 128
94 111
94 120
95 97
95 101
95 112
95 116
95 119
96 105
96 118
98 108
98 110
98 115
98 116
99 125
99 127
99 128
100 105
100 107
100 108
100 114
101 109
101 111
101 122
101 125
101 128
102 112
102 126
103 111
103 116
104 109
104 125
104 126
105 117
105 122
106 109
106 110
106 117
106 119
106 122
107 109
107 111
107 113
107 114
107 123
108 115
110 125
111 114
113 114
113 127
114 122
114 124
115 122
115 128
118 127
119 121
120 126
121 122
121 128
122 124
122 128
123 124
123 126
