256 3200
1 11
1 25
1 46
1 52
1 66
1 70
1 74
1 82
1 84
1 85
1 86
1 89
1 90
1 108
1 153
1 178
1 186
1 202
1 239
1 248
1 250
1 254
2 7
2 12
2 39
2 44
2 51
2 62
2 129
2 143
2 151
2 161
2 162
2 168
2 169
2 171
2 172
2 185
2 210
2 214
2 218
2 232
2 245
2 254
2 256
3 13
3 35
3 40
3 43
3 53
3 70
3 77
3 82
3 91
3 122
3 139
3 165
3 166
3 175
3 194
3 199
3 205
3 208
3 234
3 248
3 249
4 17
4 33
4 39
4 54
4 61
4 72
4 77
4 82
4 96
4 97
4 98
4 101
4 105
4 107
4 123
4 136
4 149
4 152
4 156
4 165
4 167
4 169
4 179
4 183
4 188
4 201
4 211
4 214
4 223
4 224
4 229
4 233
4 239
4 254
4 255
5 10
5 14
5 41
5 45
5 47
5 82
5 84
5 102
5 118
5 129
5 138
5 140
5 157
5 167
5 182
5 185
5 211
5 214
5 224
5 248
5 250
5 251
6 20
6 25
6 34
6 36
6 61
6 74
6 85
6 86
6 104
6 118
6 142
6 147
6 186
6 219
7 14
7 21
7 24
7 26
7 30
7 44
7 46
7 59
7 60
7 67
7 77
7 82
7 97
7 102
7 111
7 120
7 122
7 125
7 128
7 135
7 151
7 152
7 154
7 167
7 173
7 191
7 208
7 210
7 213
7 216
7 220
7 230
7 243
7 244
8 17
8 19
8 22
8 30
8 32
8 39
8 79
8 94
8 112
8 116
8 120
8 123
8 124
8 130
8 138
8 150
8 151
8 168
8 171
8 194
8 201
8 208
8 209
8 232
8 249
9 25
9 34
9 38
9 52
9 53
9 57
9 76
9 77
9 78
9 82
9 95
9 143
9 144
9 147
9 176
9 180
9 183
9 184
9 185
9 204
9 206
9 214
9 217
9 226
9 239
10 13
10 33
10 38
10 55
10 61
10 70
10 72
10 82
10 93
10 118
10 129
10 130
10 157
10 162
10 178
10 220
10 228
10 237
10 246
10 254
11 13
11 16
11 21
11 22
11 48
11 54
11 63
11 65
11 83
11 97
11 128
11 139
11 141
11 200
11 203
11 206
11 211
11 223
11 232
11 238
11 250
12 13
12 14
12 17
12 18
12 49
12 52
12 55
12 58
12 74
12 88
12 112
12 118
12 119
12 125
12 131
12 136
12 145
12 165
12 172
12 176
12 189
12 206
12 208
12 215
12 216
12 230
12 238
12 240
12 241
12 248
13 28
13 38
13 53
13 58
13 62
13 68
13 73
13 77
13 78
13 83
13 84
13 88
13 91
13 103
13 105
13 106
13 109
13 111
13 120
13 124
13 137
13 138
13 159
13 179
13 209
13 213
13 229
13 234
13 236
13 237
13 249
13 251
14 63
14 69
14 70
14 75
14 79
14 92
14 97
14 105
14 111
14 119
14 140
14 156
14 173
14 179
14 221
14 248
15 18
15 21
15 23
15 26
15 37
15 40
15 52
15 55
15 61
15 80
15 83
15 96
15 100
15 119
15 130
15 148
15 157
15 159
15 160
15 175
15 186
15 195
15 199
15 210
15 224
15 230
15 233
15 250
16 17
16 18
16 21
16 24
16 44
16 57
16 58
16 76
16 78
16 82
16 84
16 102
16 128
16 145
16 166
16 167
16 181
16 199
16 236
16 242
17 23
17 24
17 39
17 50
17 53
17 56
17 69
17 76
17 81
17 98
17 133
17 138
17 145
17 147
17 172
17 189
17 194
17 197
17 205
17 208
17 210
17 226
17 240
17 241
18 27
18 28
18 66
18 88
18 103
18 106
18 107
18 136
18 143
18 149
18 155
18 175
18 188
18 193
18 202
18 204
18 209
18 212
18 241
18 247
18 250
19 34
19 52
19 64
19 70
19 77
19 80
19 89
19 105
19 115
19 117
19 122
19 128
19 141
19 153
19 157
19 163
19 165
19 170
19 181
19 198
19 200
19 252
20 41
20 47
20 51
20 56
20 111
20 132
20 133
20 134
20 136
20 137
20 141
20 146
20 165
20 171
20 173
20 176
20 194
20 206
20 209
20 220
20 245
20 247
20 250
21 24
21 33
21 40
21 44
21 72
21 109
21 111
21 117
21 135
21 146
21 164
21 167
21 171
21 185
21 193
21 201
21 209
21 216
21 244
21 247
22 23
22 37
22 58
22 69
22 84
22 93
22 109
22 111
22 115
22 119
22 123
22 127
22 132
22 144
22 152
22 154
22 155
22 172
22 179
22 180
22 187
22 194
22 197
22 206
22 207
22 217
22 219
22 225
22 244
22 246
22 249
22 255
23 37
23 60
23 72
23 83
23 96
23 97
23 107
23 114
23 116
23 121
23 132
23 138
23 171
23 190
23 212
23 225
23 226
23 240
23 246
23 255
24 25
24 30
24 31
24 35
24 40
24 42
24 50
24 52
24 53
24 54
24 63
24 85
24 102
24 105
24 109
24 112
24 119
24 132
24 136
24 142
24 170
24 189
24 224
24 238
24 247
24 256
25 27
25 43
25 49
25 62
25 64
25 67
25 70
25 72
25 77
25 83
25 102
25 107
25 130
25 139
25 140
25 142
25 143
25 147
25 148
25 159
25 163
25 166
25 167
25 181
25 182
25 187
25 188
25 194
25 200
25 203
26 27
26 70
26 85
26 90
26 95
26 98
26 103
26 104
26 147
26 149
26 166
26 173
26 179
26 212
26 232
26 245
26 256
27 39
27 51
27 53
27 55
27 62
27 68
27 69
27 103
27 104
27 117
27 137
27 139
27 151
27 162
27 191
27 192
27 194
27 201
27 202
27 215
27 216
27 233
27 234
27 239
27 244
28 31
28 39
28 56
28 67
28 79
28 84
28 85
28 88
28 94
28 100
28 101
28 104
28 107
28 113
28 119
28 139
28 146
28 167
28 169
28 187
28 190
28 194
28 197
28 204
28 223
28 230
28 240
28 246
28 247
28 255
29 31
29 34
29 57
29 93
29 126
29 170
29 196
29 198
29 217
29 219
29 237
29 250
30 37
30 43
30 58
30 64
30 70
30 73
30 80
30 83
30 86
30 107
30 117
30 141
30 156
30 158
30 164
30 183
30 186
30 226
30 231
30 235
30 244
30 245
30 250
30 254
30 256
31 34
31 42
31 55
31 72
31 78
31 91
31 92
31 98
31 121
31 123
31 125
31 159
31 164
31 170
31 185
31 197
31 212
31 224
31 235
31 255
32 38
32 52
32 58
32 63
32 76
32 80
32 82
32 89
32 92
32 104
32 106
32 114
32 121
32 142
32 157
32 163
32 166
32 180
32 194
32 195
32 216
32 225
32 234
32 237
32 248
32 253
33 56
33 60
33 76
33 97
33 142
33 146
33 161
33 162
33 164
33 174
33 183
33 195
33 196
33 207
33 212
33 230
33 239
33 243
34 39
34 43
34 54
34 56
34 68
34 73
34 87
34 103
34 108
34 126
34 148
34 172
34 177
34 189
34 209
34 234
34 236
34 241
34 249
35 37
35 57
35 59
35 67
35 69
35 70
35 75
35 93
35 96
35 97
35 106
35 108
35 110
35 125
35 134
35 138
35 139
35 153
35 156
35 162
35 193
35 197
35 198
35 200
35 226
35 240
35 244
35 249
36 42
36 45
36 69
36 75
36 90
36 98
36 107
36 113
36 131
36 135
36 162
36 167
36 168
36 173
36 181
36 185
36 188
36 200
36 205
36 211
36 221
36 231
36 239
37 45
37 69
37 84
37 93
37 95
37 101
37 103
37 111
37 125
37 141
37 143
37 162
37 184
37 204
37 206
37 211
37 217
37 218
37 227
37 235
38 50
38 55
38 70
38 71
38 83
38 97
38 98
38 101
38 120
38 134
38 144
38 152
38 158
38 173
38 194
38 196
38 197
38 203
38 214
38 220
38 229
38 238
38 245
38 250
39 41
39 56
39 57
39 61
39 64
39 66
39 75
39 83
39 123
39 137
39 157
39 164
39 187
39 209
39 219
39 229
39 245
39 254
40 43
40 45
40 80
40 88
40 97
40 116
40 132
40 143
40 145
40 154
40 166
40 169
40 175
40 184
40 187
40 192
40 198
40 212
40 224
40 232
40 239
40 242
40 243
41 62
41 77
41 85
41 86
41 106
41 128
41 144
41 161
41 162
41 208
41 223
41 239
42 47
42 63
42 75
42 81
42 97
42 99
42 100
42 103
42 130
42 137
42 166
42 222
42 223
42 226
42 249
42 250
43 44
43 48
43 49
43 54
43 62
43 67
43 81
43 83
43 101
43 102
43 106
43 123
43 139
43 144
43 150
43 177
43 196
43 216
43 223
43 230
43 233
43 242
44 50
44 59
44 68
44 78
44 79
44 86
44 101
44 106
44 109
44 123
44 126
44 129
44 139
44 144
44 146
44 147
44 156
44 165
44 170
44 177
44 178
44 180
44 183
44 190
44 192
44 201
44 226
44 231
44 248
44 252
45 52
45 59
45 64
45 94
45 102
45 103
45 144
45 149
45 153
45 160
45 181
45 193
45 201
45 207
45 209
45 214
45 216
45 221
45 224
45 226
45 238
45 240
45 248
46 53
46 68
46 84
46 87
46 106
46 134
46 137
46 139
46 181
46 203
46 210
46 217
46 226
46 250
47 64
47 67
47 76
47 87
47 89
47 94
47 112
47 119
47 124
47 127
47 132
47 136
47 159
47 160
47 170
47 179
47 184
47 199
47 206
47 209
47 215
47 218
47 221
47 236
47 237
47 244
48 55
48 79
48 90
48 96
48 105
48 127
48 129
48 136
48 143
48 147
48 155
48 157
48 172
48 204
48 211
48 212
48 228
48 236
48 240
48 252
49 51
49 52
49 86
49 88
49 90
49 98
49 114
49 118
49 127
49 130
49 134
49 139
49 152
49 157
49 166
49 176
49 185
49 187
49 200
49 212
49 217
49 220
49 228
49 229
49 234
49 235
49 247
50 60
50 66
50 74
50 76
50 93
50 101
50 140
50 149
50 150
50 168
50 172
50 173
50 174
50 194
50 197
50 216
50 218
50 232
50 236
50 242
51 57
51 59
51 60
51 62
51 63
51 71
51 94
51 102
51 108
51 119
51 145
51 147
51 164
51 209
51 213
51 215
51 227
52 60
52 82
52 111
52 134
52 135
52 140
52 146
52 162
52 164
52 168
52 203
52 216
52 250
53 90
53 103
53 135
53 144
53 156
53 168
53 170
53 174
53 177
53 181
53 188
53 191
53 200
53 226
54 95
54 108
54 110
54 128
54 139
54 144
54 153
54 163
54 195
54 207
54 210
54 211
54 213
54 230
54 245
54 247
54 251
55 57
55 61
55 63
55 72
55 84
55 85
55 90
55 95
55 122
55 135
55 152
55 157
55 183
55 186
55 191
55 193
55 205
55 210
55 217
55 218
55 226
55 246
56 75
56 81
56 95
56 97
56 108
56 132
56 134
56 147
56 148
56 152
56 154
56 159
56 160
56 168
56 177
56 185
56 187
56 188
56 220
56 226
57 72
57 90
57 99
57 100
57 101
57 102
57 105
57 109
57 124
57 136
57 158
57 185
57 192
57 194
57 198
57 202
57 207
57 211
57 214
57 229
57 243
58 67
58 79
58 111
58 112
58 130
58 132
58 135
58 141
58 144
58 146
58 150
58 165
58 172
58 178
58 180
58 189
58 233
59 66
59 72
59 79
59 83
59 87
59 101
59 116
59 179
59 183
59 234
59 249
60 67
60 68
60 70
60 79
60 81
60 98
60 105
60 110
60 112
60 120
60 133
60 135
60 148
60 150
60 152
60 156
60 167
60 173
60 175
60 180
60 204
60 210
60 211
60 230
60 236
60 255
61 71
61 76
61 82
61 87
61 100
61 143
61 152
61 154
61 157
61 189
61 199
61 207
61 220
61 228
61 237
62 82
62 95
62 101
62 114
62 125
62 133
62 135
62 140
62 150
62 166
62 170
62 172
62 176
62 198
62 207
63 66
63 68
63 70
63 81
63 107
63 133
63 136
63 145
63 155
63 162
63 163
63 172
63 174
63 176
63 187
63 197
63 201
63 211
63 232
63 235
63 246
63 253
64 81
64 132
64 145
64 155
64 163
64 167
64 196
64 212
64 217
64 219
64 239
64 247
64 252
65 80
65 101
65 103
65 105
65 110
65 125
65 152
65 156
65 159
65 207
65 210
65 212
66 69
66 73
66 77
66 86
66 87
66 93
66 107
66 117
66 126
66 134
66 136
66 139
66 141
66 144
66 170
66 177
66 190
66 192
66 194
66 197
66 199
66 206
66 207
66 210
66 211
66 214
66 220
66 236
66 245
66 250
66 253
66 256
67 97
67 99
67 105
67 112
67 118
67 124
67 135
67 155
67 173
67 185
67 196
67 244
67 248
67 256
68 69
68 76
68 83
68 100
68 104
68 106
68 111
68 128
68 130
68 134
68 135
68 136
68 142
68 149
68 156
68 160
68 167
68 169
68 171
68 204
68 220
68 222
68 244
68 247
68 250
68 251
69 85
69 103
69 134
69 138
69 149
69 150
69 161
69 162
69 171
69 191
69 192
69 193
69 206
69 210
69 221
69 227
69 231
69 241
69 252
69 256
70 78
70 90
70 91
70 109
70 124
70 132
70 148
70 149
70 150
70 168
70 178
70 179
70 180
70 181
70 187
70 189
70 190
70 194
70 201
70 202
70 223
70 237
70 248
71 83
71 86
71 117
71 119
71 124
71 159
71 167
71 175
71 197
71 216
71 221
71 225
71 235
71 241
71 245
71 250
72 86
72 105
72 110
72 141
72 148
72 166
72 180
72 186
72 187
72 188
72 190
72 192
72 223
72 229
72 255
73 85
73 90
73 97
73 107
73 112
73 114
73 115
73 128
73 131
73 142
73 150
73 153
73 160
73 180
73 186
73 189
73 200
73 232
73 241
73 249
74 77
74 80
74 89
74 99
74 113
74 122
74 144
74 147
74 153
74 165
74 220
74 228
74 234
74 238
75 79
75 91
75 94
75 101
75 111
75 116
75 145
75 146
75 151
75 153
75 168
75 176
75 183
75 200
75 216
75 246
76 79
76 88
76 92
76 101
76 103
76 109
76 118
76 122
76 124
76 132
76 137
76 142
76 176
76 178
76 184
76 200
76 215
76 248
76 250
77 94
77 127
77 129
77 150
77 154
77 156
77 167
77 175
77 176
77 181
77 193
77 212
77 220
77 242
77 243
78 86
78 101
78 108
78 112
78 117
78 123
78 155
78 183
78 186
78 190
78 194
78 203
79 93
79 97
79 137
79 138
79 140
79 142
79 145
79 147
79 161
79 175
79 177
79 190
79 191
79 201
79 209
79 221
79 229
79 238
79 241
79 248
80 81
80 88
80 116
80 121
80 123
80 152
80 154
80 157
80 166
80 193
80 200
80 211
80 242
80 244
80 246
80 251
80 255
81 98
81 106
81 112
81 115
81 117
81 135
81 139
81 149
81 163
81 185
81 191
81 198
81 203
81 206
81 221
81 226
81 233
81 240
82 94
82 96
82 107
82 113
82 115
82 124
82 131
82 144
82 145
82 154
82 165
82 179
82 181
82 188
82 198
82 199
82 211
82 220
82 239
82 242
83 85
83 129
83 139
83 160
83 161
83 162
83 165
83 178
83 182
83 183
83 195
83 219
83 230
83 237
84 126
84 133
84 139
84 154
84 162
84 165
84 170
84 173
84 186
84 207
84 211
84 215
84 218
84 239
84 247
85 117
85 118
85 119
85 133
85 135
85 139
85 149
85 158
85 165
85 179
85 205
85 212
85 220
85 236
85 241
85 250
85 252
86 90
86 94
86 96
86 110
86 121
86 123
86 141
86 156
86 159
86 180
86 197
86 201
86 209
86 212
86 218
86 230
86 249
86 250
86 256
87 96
87 100
87 106
87 107
87 111
87 114
87 150
87 197
87 221
87 233
87 235
88 90
88 92
88 111
88 114
88 140
88 151
88 157
88 174
88 185
88 187
88 192
88 199
88 201
88 213
88 228
88 231
88 234
88 255
89 109
89 114
89 121
89 132
89 138
89 149
89 168
89 183
89 194
89 196
89 210
89 213
89 216
89 219
89 222
89 224
89 243
89 245
90 97
90 99
90 103
90 117
90 132
90 133
90 142
90 149
90 158
90 161
90 165
90 181
90 184
90 192
90 193
90 201
90 206
90 208
90 223
90 235
90 241
90 249
91 102
91 104
91 105
91 116
91 122
91 123
91 140
91 144
91 146
91 147
91 148
91 152
91 162
91 193
91 198
91 202
91 209
91 222
91 230
91 236
91 243
92 95
92 97
92 124
92 131
92 156
92 162
92 163
92 181
92 182
92 189
92 200
92 207
92 218
92 220
92 226
92 228
92 231
92 246
92 249
92 250
93 100
93 102
93 105
93 106
93 118
93 134
93 136
93 139
93 142
93 151
93 155
93 156
93 162
93 164
93 170
93 173
93 176
93 178
93 186
93 200
93 209
93 215
93 238
93 241
93 245
93 248
93 249
93 251
93 252
94 97
94 108
94 116
94 158
94 159
94 166
94 186
94 192
94 193
94 195
94 200
94 202
94 207
94 213
94 215
94 225
94 236
94 242
94 254
95 99
95 101
95 110
95 136
95 139
95 154
95 162
95 177
95 187
95 195
95 200
95 213
95 242
96 106
96 109
96 118
96 120
96 122
96 124
96 141
96 154
96 156
96 159
96 160
96 168
96 180
96 181
96 182
96 184
96 185
96 212
96 224
96 248
97 105
97 111
97 116
97 122
97 128
97 150
97 178
97 190
97 191
97 199
97 201
97 222
97 229
97 246
98 99
98 102
98 105
98 106
98 114
98 134
98 174
98 187
98 192
98 197
98 210
98 213
98 229
99 101
99 117
99 175
99 180
99 182
99 195
99 206
99 218
99 219
99 223
99 252
100 106
100 124
100 131
100 141
100 142
100 158
100 171
100 176
100 186
100 190
100 206
100 207
100 208
100 215
100 220
101 102
101 108
101 112
101 120
101 133
101 141
101 151
101 153
101 159
101 167
101 169
101 170
101 172
101 180
101 185
101 186
101 193
101 194
101 201
101 212
101 225
101 241
101 245
102 117
102 118
102 140
102 154
102 179
102 203
102 208
102 212
102 230
102 237
102 246
103 128
103 138
103 145
103 150
103 157
103 182
103 202
103 204
103 213
103 224
103 232
103 233
103 236
103 239
104 112
104 126
104 131
104 163
104 172
104 175
104 180
104 211
104 218
104 224
104 235
104 237
104 241
104 250
104 253
105 120
105 121
105 127
105 131
105 138
105 140
105 148
105 153
105 156
105 193
105 199
105 202
105 205
105 214
106 115
106 116
106 130
106 137
106 159
106 163
106 184
106 188
106 220
106 234
106 237
106 239
106 243
106 250
107 108
107 114
107 125
107 139
107 149
107 164
107 165
107 188
107 194
107 201
107 209
107 217
107 243
107 247
108 123
108 124
108 129
108 134
108 170
108 172
108 204
108 207
108 209
108 213
108 214
108 216
108 227
108 234
108 239
108 248
109 122
109 134
109 165
109 166
109 177
109 185
109 214
109 222
109 225
109 230
109 234
109 237
109 241
109 253
110 112
110 113
110 124
110 134
110 143
110 158
110 162
110 186
110 204
110 211
110 230
110 242
111 114
111 132
111 142
111 155
111 170
111 195
111 231
111 254
112 114
112 115
112 123
112 148
112 155
112 175
112 179
112 180
112 206
112 218
112 228
112 239
112 249
112 251
113 123
113 127
113 152
113 167
113 184
113 191
113 192
113 199
113 206
113 211
113 224
113 234
113 248
113 255
114 121
114 133
114 142
114 150
114 154
114 156
114 161
114 165
114 177
114 180
114 187
114 207
114 208
114 215
114 219
114 229
114 235
114 247
114 249
114 254
115 118
115 119
115 121
115 122
115 123
115 124
115 129
115 131
115 229
115 239
116 120
116 144
116 179
116 189
116 194
116 196
116 203
116 229
116 230
116 233
116 254
117 120
117 122
117 134
117 144
117 148
117 152
117 153
117 160
117 175
117 189
117 203
117 205
117 221
117 222
117 228
117 230
117 245
117 248
118 124
118 144
118 149
118 183
118 196
118 200
118 221
118 224
118 229
118 231
119 122
119 123
119 134
119 142
119 143
119 146
119 157
119 181
119 195
119 198
119 204
119 209
119 238
119 252
119 254
119 256
120 128
120 142
120 150
120 152
120 158
120 190
120 199
120 202
120 207
120 218
120 223
120 253
121 136
121 150
121 155
121 157
121 180
121 200
121 201
121 210
121 213
121 230
121 232
121 235
121 256
122 132
122 134
122 144
122 155
122 157
122 170
122 173
122 176
122 177
122 190
122 191
122 199
122 203
122 220
122 221
123 130
123 137
123 139
123 184
123 211
123 213
123 222
123 225
123 232
123 239
123 244
124 129
124 132
124 147
124 155
124 156
124 161
124 177
124 180
124 209
124 213
124 218
124 253
125 128
125 144
125 147
125 150
125 181
125 191
125 200
125 206
125 220
125 222
125 238
125 244
125 248
125 255
126 145
126 158
126 161
126 166
126 180
126 183
126 202
126 211
126 213
126 215
126 216
126 218
126 219
126 220
126 228
126 232
126 237
126 242
126 248
126 252
127 146
127 150
127 156
127 180
127 181
127 207
127 211
127 216
127 225
127 226
127 229
128 141
128 155
128 157
128 159
128 163
128 165
128 187
128 195
128 196
128 221
128 233
128 234
128 236
128 251
128 254
129 142
129 155
129 190
129 191
129 205
129 216
129 228
129 229
129 233
129 235
130 135
130 167
130 172
130 187
130 195
130 220
130 222
130 223
130 226
130 242
130 246
130 247
130 248
131 133
131 135
131 147
131 151
131 168
131 174
131 191
131 199
131 207
131 214
131 223
131 232
132 138
132 140
132 142
132 155
132 179
132 193
132 202
132 224
132 234
132 256
133 140
133 142
133 153
133 205
133 211
133 218
133 221
133 224
133 250
133 251
134 160
134 172
134 196
134 197
134 201
134 219
134 222
134 233
134 235
134 252
134 253
135 137
135 141
135 142
135 152
135 156
135 158
135 164
135 179
135 180
135 186
135 189
135 205
135 243
135 250
136 153
136 158
136 163
136 179
136 187
136 188
136 190
136 193
136 198
136 210
136 212
136 234
136 237
136 241
136 244
136 249
136 251
137 149
137 150
137 151
137 155
137 157
137 158
137 172
137 209
137 212
137 238
137 250
137 252
137 253
138 140
138 147
138 176
138 185
138 198
138 199
138 220
138 252
138 256
139 162
139 175
139 178
139 197
139 199
139 202
139 204
139 214
139 222
139 239
139 252
140 144
140 153
140 154
140 181
140 182
140 202
140 211
140 216
140 221
140 237
140 247
141 152
141 172
141 210
142 149
142 156
142 173
142 228
142 235
142 242
142 243
142 249
143 148
143 149
143 157
143 167
143 191
143 220
143 222
143 227
144 157
144 168
144 176
144 194
144 196
144 197
144 218
144 229
144 238
144 248
145 148
145 159
145 163
145 165
145 171
145 189
145 195
145 198
145 201
145 204
145 220
145 238
145 242
146 155
146 172
146 173
146 175
146 186
146 192
146 194
146 218
146 246
146 255
147 163
147 165
147 177
147 201
147 203
147 205
147 229
147 230
147 231
148 154
148 163
148 165
148 169
148 182
148 197
148 236
148 250
148 254
149 152
149 158
149 194
149 196
149 198
149 208
149 211
150 182
150 193
150 197
150 198
150 209
150 230
150 241
150 247
150 254
151 167
151 183
151 199
151 202
151 223
151 233
151 237
151 240
151 245
151 247
151 249
152 161
152 167
152 178
152 183
152 196
152 202
152 209
152 239
152 245
152 255
153 154
153 155
153 156
153 160
153 171
153 173
153 177
153 191
153 223
153 245
154 158
154 171
154 177
154 203
154 207
154 209
154 224
154 233
154 246
155 171
155 173
155 180
155 182
155 202
155 209
155 213
155 220
155 221
155 235
155 241
155 246
156 158
156 162
156 171
156 175
156 195
156 201
156 204
156 216
156 233
156 234
156 250
156 252
156 253
156 254
157 161
157 164
157 172
157 174
157 176
157 183
157 186
157 187
157 188
157 207
157 224
157 241
157 242
157 246
158 161
158 193
158 200
158 222
158 225
158 226
158 233
158 245
158 246
158 249
158 251
159 169
159 171
159 203
159 207
159 216
159 224
160 173
160 190
160 208
160 243
160 245
160 250
161 197
161 217
161 220
162 168
162 179
162 198
162 203
162 221
162 223
162 250
162 256
163 166
163 170
163 209
163 218
163 219
163 240
164 174
164 190
164 195
164 196
164 201
164 204
164 211
164 214
164 220
164 232
164 236
164 240
164 242
164 243
164 246
164 252
165 177
165 200
165 206
165 214
165 221
165 233
165 248
166 197
166 206
166 215
166 224
166 228
166 237
166 249
166 253
166 256
167 176
167 182
167 184
167 186
167 207
167 214
167 251
168 171
168 175
168 187
168 189
168 194
168 208
168 214
168 217
168 233
168 242
168 245
168 255
169 179
169 182
169 184
169 187
169 199
169 201
169 203
169 208
169 210
169 224
169 225
169 230
169 245
169 248
170 172
170 189
170 193
170 201
170 208
170 209
170 223
170 237
170 239
171 209
171 211
171 215
171 217
171 219
171 226
171 248
171 252
172 175
172 176
172 207
172 223
172 227
173 187
173 207
173 219
173 233
173 235
173 237
173 243
174 182
174 185
174 187
174 190
174 214
174 222
174 225
174 244
175 176
175 180
175 182
175 203
175 210
175 215
175 227
176 183
176 184
176 192
176 194
176 221
176 235
176 253
176 254
177 184
177 204
177 210
177 211
177 217
177 218
177 223
177 237
177 243
178 184
178 185
178 188
178 200
178 201
178 203
178 206
178 229
178 246
179 183
179 187
179 191
179 207
179 211
179 243
179 252
180 186
180 188
180 217
180 222
180 253
180 255
181 183
181 189
181 195
181 196
181 215
181 227
181 233
181 238
181 251
182 191
182 195
182 241
182 247
182 249
183 194
183 197
183 202
183 213
183 242
184 189
184 192
184 215
184 228
184 238
184 249
184 251
184 253
185 186
185 188
185 191
185 202
185 219
185 228
185 231
185 232
185 247
185 251
185 252
186 191
186 212
186 222
186 228
186 229
186 231
186 239
186 242
186 247
186 248
186 253
187 202
187 204
187 211
187 217
187 226
187 231
187 232
187 234
187 240
187 241
187 247
187 250
188 193
188 196
188 201
188 205
188 225
188 234
188 237
188 244
188 253
189 196
189 211
189 220
189 222
189 223
189 230
189 235
189 241
190 191
190 201
190 226
190 253
191 214
191 231
191 237
191 244
191 248
191 256
192 203
192 207
192 209
192 210
192 211
192 221
192 232
192 234
192 240
192 243
192 251
192 254
193 199
193 205
193 209
193 210
193 222
193 227
193 231
193 238
194 220
194 222
194 226
194 229
194 234
194 236
194 239
194 244
194 246
194 247
195 228
195 236
195 256
196 201
196 204
196 208
196 209
196 213
196 220
196 230
197 202
197 220
197 221
197 243
197 248
197 252
198 208
198 209
198 219
198 232
199 204
199 207
199 215
199 238
200 207
200 209
200 213
200 225
200 232
200 234
201 207
201 210
201 220
201 221
201 229
201 236
201 241
201 244
201 247
201 253
202 210
202 218
202 222
202 225
202 253
202 254
202 256
203 232
203 235
203 237
203 249
203 252
204 217
204 227
204 233
204 250
204 254
205 207
206 207
206 227
206 239
206 251
207 210
207 227
207 229
207 242
207 246
207 253
208 222
208 232
208 238
208 244
209 218
209 247
210 220
210 234
210 252
211 212
211 214
211 223
211 227
211 232
212 224
212 226
213 220
213 227
214 225
214 226
214 228
214 230
214 235
214 243
215 219
215 222
215 231
215 241
215 247
215 255
216 220
216 221
216 232
216 234
216 236
216 245
216 248
217 241
218 233
218 235
218 256
219 235
219 239
219 242
219 244
219 254
220 224
220 229
220 241
221 223
221 240
221 247
221 250
221 252
221 255
222 239
222 249
222 250
223 226
223 243
223 252
224 233
224 246
225 226
225 230
225 236
225 244
225 251
227 232
227 234
228 232
229 254
230 242
230 250
231 239
231 243
231 247
232 235
232 251
233 246
233 249
234 238
234 247
234 256
235 237
235 250
236 255
237 244
237 246
237 252
238 253
240 248
241 252
242 243
242 244
243 245
243 256
244 249
246 253
247 252
248 250
250 252
250 255
