512 12951
1 2
1 5
1 6
1 7
1 16
1 20
1 21
1 26
1 30
1 40
1 42
1 84
1 87
1 96
1 99
1 124
1 125
1 163
1 171
1 178
1 181
1 188
1 201
1 213
1 215
1 235
1 263
1 264
1 295
1 297
1 310
1 313
1 339
1 357
1 374
1 377
1 383
1 394
1 399
1 427
1 434
1 470
1 474
1 478
1 487
1 488
1 500
1 502
2 31
2 32
2 37
2 45
2 72
2 90
2 91
2 96
2 104
2 111
2 112
2 119
2 145
2 147
2 150
2 186
2 191
2 197
2 208
2 209
2 211
2 221
2 224
2 247
2 251
2 252
2 255
2 256
2 257
2 265
2 268
2 271
2 293
2 302
2 306
2 309
2 327
2 334
2 350
2 368
2 371
2 381
2 383
2 396
2 400
2 412
2 420
2 425
2 427
2 433
2 438
2 462
2 465
2 477
2 496
2 498
2 499
2 506
2 512
3 16
3 28
3 33
3 47
3 52
3 57
3 58
3 65
3 73
3 88
3 96
3 114
3 128
3 147
3 161
3 168
3 177
3 180
3 201
3 246
3 257
3 277
3 290
3 306
3 307
3 313
3 341
3 344
3 358
3 362
3 376
3 383
3 390
3 409
3 417
3 418
3 422
3 427
3 447
3 470
3 482
3 484
3 486
3 496
3 499
3 506
4 9
4 10
4 22
4 36
4 37
4 47
4 63
4 69
4 78
4 98
4 101
4 102
4 109
4 122
4 125
4 175
4 192
4 199
4 215
4 219
4 220
4 247
4 257
4 278
4 279
4 300
4 313
4 316
4 318
4 321
4 325
4 332
4 333
4 339
4 377
4 382
4 404
4 418
4 425
4 446
4 474
4 485
4 495
4 500
4 506
5 6
5 13
5 35
5 42
5 52
5 65
5 81
5 99
5 104
5 106
5 117
5 130
5 140
5 153
5 163
5 181
5 207
5 208
5 230
5 248
5 249
5 253
5 287
5 294
5 295
5 296
5 300
5 314
5 318
5 328
5 333
5 358
5 364
5 367
5 399
5 412
5 431
5 433
5 442
5 446
5 447
5 457
5 461
5 469
5 486
5 504
5 511
6 9
6 23
6 24
6 26
6 39
6 49
6 51
6 62
6 63
6 70
6 95
6 97
6 103
6 124
6 142
6 143
6 147
6 173
6 223
6 258
6 259
6 265
6 281
6 288
6 290
6 312
6 315
6 317
6 320
6 337
6 340
6 357
6 368
6 378
6 401
6 406
6 415
6 449
6 451
6 456
6 470
6 473
6 498
6 500
7 8
7 20
7 22
7 25
7 32
7 34
7 47
7 78
7 123
7 131
7 147
7 150
7 151
7 156
7 168
7 188
7 189
7 210
7 211
7 237
7 249
7 250
7 265
7 281
7 293
7 304
7 308
7 311
7 312
7 316
7 322
7 361
7 368
7 378
7 387
7 403
7 405
7 407
7 410
7 414
7 415
7 419
7 435
7 443
7 447
7 451
7 471
7 472
7 476
7 484
7 501
7 511
8 33
8 35
8 64
8 70
8 80
8 107
8 109
8 116
8 126
8 143
8 162
8 168
8 177
8 189
8 199
8 208
8 217
8 233
8 242
8 246
8 247
8 254
8 255
8 260
8 287
8 308
8 322
8 328
8 344
8 347
8 357
8 360
8 364
8 400
8 410
8 418
8 434
8 462
8 463
8 465
8 467
8 472
9 18
9 25
9 29
9 39
9 40
9 54
9 56
9 76
9 91
9 96
9 115
9 130
9 132
9 135
9 158
9 192
9 196
9 197
9 199
9 213
9 216
9 227
9 236
9 267
9 269
9 287
9 310
9 316
9 330
9 335
9 348
9 353
9 374
9 375
9 407
9 419
9 426
9 435
9 443
9 446
9 456
9 460
9 472
9 474
9 492
9 510
10 19
10 28
10 31
10 46
10 66
10 70
10 78
10 82
10 103
10 105
10 106
10 108
10 112
10 132
10 133
10 138
10 154
10 155
10 156
10 157
10 158
10 165
10 174
10 190
10 191
10 199
10 213
10 231
10 266
10 280
10 281
10 283
10 294
10 300
10 312
10 313
10 320
10 341
10 355
10 382
10 385
10 389
10 390
10 401
10 403
10 409
10 410
10 412
10 419
10 420
10 421
10 422
10 426
10 427
10 465
10 494
11 13
11 18
11 37
11 40
11 46
11 49
11 58
11 83
11 106
11 107
11 108
11 114
11 116
11 125
11 131
11 134
11 204
11 205
11 225
11 231
11 235
11 252
11 256
11 259
11 262
11 273
11 278
11 281
11 283
11 289
11 313
11 323
11 348
11 365
11 383
11 394
11 405
11 406
11 413
11 415
11 417
11 422
11 434
11 436
11 443
11 446
11 450
11 453
11 454
11 459
11 471
11 474
11 475
11 482
11 484
11 491
11 507
11 508
11 509
12 21
12 22
12 47
12 54
12 62
12 63
12 65
12 91
12 95
12 116
12 173
12 176
12 193
12 218
12 221
12 223
12 241
12 242
12 253
12 255
12 268
12 270
12 280
12 284
12 290
12 298
12 299
12 331
12 368
12 372
12 375
12 380
12 387
12 388
12 389
12 398
12 425
12 435
12 448
12 449
12 452
12 455
12 459
12 464
12 469
12 473
12 510
12 512
13 15
13 21
13 48
13 50
13 51
13 52
13 58
13 87
13 89
13 109
13 118
13 120
13 133
13 135
13 148
13 154
13 156
13 169
13 172
13 197
13 202
13 203
13 205
13 210
13 227
13 237
13 241
13 244
13 246
13 248
13 287
13 292
13 294
13 297
13 298
13 310
13 318
13 323
13 331
13 342
13 346
13 350
13 361
13 382
13 385
13 398
13 400
13 423
13 425
13 433
13 445
13 451
13 453
13 466
13 476
13 479
13 485
13 490
13 494
13 496
13 507
13 511
14 20
14 78
14 86
14 97
14 106
14 120
14 127
14 129
14 134
14 145
14 160
14 164
14 170
14 185
14 201
14 215
14 249
14 259
14 268
14 273
14 289
14 293
14 299
14 306
14 326
14 339
14 369
14 382
14 385
14 418
14 438
14 443
14 446
14 467
14 473
15 50
15 66
15 67
15 72
15 81
15 105
15 113
15 142
15 149
15 157
15 180
15 182
15 199
15 201
15 206
15 213
15 220
15 236
15 246
15 252
15 259
15 265
15 284
15 299
15 300
15 324
15 330
15 342
15 351
15 353
15 356
15 362
15 372
15 382
15 388
15 392
15 395
15 404
15 442
15 473
15 474
15 476
15 479
15 488
15 493
16 22
16 35
16 65
16 68
16 71
16 75
16 81
16 85
16 90
16 106
16 113
16 127
16 131
16 134
16 142
16 155
16 166
16 170
16 174
16 183
16 199
16 217
16 224
16 233
16 239
16 244
16 254
16 256
16 258
16 259
16 260
16 270
16 278
16 286
16 299
16 322
16 335
16 337
16 341
16 342
16 362
16 366
16 367
16 378
16 383
16 397
16 415
16 420
16 428
16 435
16 455
16 457
16 477
17 28
17 35
17 46
17 58
17 87
17 102
17 105
17 107
17 112
17 121
17 142
17 161
17 167
17 169
17 179
17 187
17 190
17 192
17 196
17 224
17 232
17 240
17 251
17 261
17 264
17 274
17 298
17 310
17 323
17 341
17 345
17 347
17 363
17 386
17 390
17 423
17 432
17 438
17 441
17 449
17 492
17 495
17 511
18 33
18 37
18 43
18 91
18 100
18 102
18 123
18 143
18 166
18 176
18 187
18 192
18 197
18 199
18 201
18 205
18 207
18 212
18 227
18 230
18 243
18 257
18 286
18 290
18 322
18 323
18 326
18 405
18 419
18 424
18 439
18 444
18 460
18 463
18 467
18 476
19 37
19 53
19 64
19 70
19 83
19 91
19 106
19 111
19 122
19 142
19 156
19 165
19 176
19 192
19 193
19 197
19 199
19 214
19 232
19 238
19 240
19 251
19 271
19 296
19 298
19 311
19 322
19 324
19 333
19 359
19 368
19 382
19 383
19 420
19 424
19 431
19 449
19 450
19 470
19 483
19 508
20 22
20 34
20 37
20 54
20 58
20 59
20 66
20 89
20 120
20 130
20 132
20 138
20 140
20 142
20 151
20 152
20 166
20 168
20 169
20 177
20 196
20 199
20 200
20 201
20 215
20 227
20 231
20 251
20 258
20 277
20 283
20 286
20 290
20 294
20 301
20 305
20 320
20 321
20 322
20 336
20 339
20 356
20 369
20 383
20 403
20 405
20 412
20 424
20 433
20 434
20 443
20 455
20 489
20 498
21 25
21 29
21 35
21 71
21 73
21 85
21 106
21 118
21 124
21 139
21 147
21 148
21 153
21 158
21 185
21 189
21 191
21 192
21 203
21 215
21 240
21 264
21 268
21 276
21 283
21 284
21 290
21 296
21 297
21 320
21 350
21 367
21 408
21 444
21 458
21 462
21 471
21 479
21 489
21 512
22 26
22 32
22 36
22 42
22 46
22 48
22 49
22 51
22 62
22 64
22 74
22 83
22 93
22 95
22 98
22 104
22 115
22 130
22 165
22 166
22 174
22 192
22 202
22 208
22 211
22 214
22 220
22 229
22 240
22 261
22 276
22 283
22 285
22 298
22 320
22 338
22 341
22 353
22 359
22 361
22 370
22 381
22 382
22 386
22 393
22 408
22 424
22 461
22 467
22 476
22 483
22 490
22 491
22 496
22 503
23 30
23 33
23 36
23 68
23 69
23 100
23 103
23 128
23 149
23 156
23 172
23 220
23 221
23 224
23 225
23 265
23 267
23 272
23 279
23 283
23 301
23 307
23 312
23 315
23 325
23 326
23 328
23 330
23 332
23 344
23 346
23 353
23 361
23 383
23 385
23 387
23 402
23 412
23 418
23 423
23 430
23 455
23 460
23 474
23 495
23 496
23 503
24 38
24 75
24 100
24 103
24 116
24 117
24 118
24 129
24 139
24 163
24 191
24 192
24 200
24 205
24 248
24 262
24 289
24 299
24 303
24 304
24 309
24 338
24 343
24 348
24 349
24 365
24 377
24 383
24 389
24 407
24 437
24 445
25 27
25 29
25 34
25 73
25 103
25 107
25 110
25 117
25 147
25 174
25 178
25 193
25 211
25 218
25 227
25 230
25 234
25 248
25 287
25 297
25 304
25 326
25 331
25 349
25 355
25 360
25 362
25 364
25 391
25 422
25 432
25 444
25 451
25 457
25 471
25 481
25 487
25 488
25 490
25 499
25 503
25 504
26 31
26 33
26 41
26 49
26 56
26 61
26 64
26 67
26 69
26 74
26 76
26 104
26 106
26 108
26 128
26 145
26 147
26 188
26 190
26 191
26 216
26 221
26 223
26 231
26 232
26 237
26 240
26 243
26 250
26 251
26 286
26 291
26 293
26 307
26 311
26 313
26 314
26 318
26 321
26 330
26 348
26 355
26 375
26 378
26 385
26 394
26 401
26 429
26 435
26 473
26 475
26 479
26 495
26 511
27 28
27 37
27 43
27 47
27 64
27 74
27 76
27 90
27 98
27 103
27 106
27 126
27 128
27 132
27 153
27 167
27 176
27 179
27 184
27 221
27 227
27 276
27 289
27 314
27 327
27 328
27 355
27 356
27 371
27 383
27 392
27 397
27 417
27 431
27 440
27 450
27 454
27 463
27 468
27 496
27 499
27 503
28 41
28 49
28 53
28 55
28 65
28 66
28 73
28 76
28 77
28 80
28 87
28 96
28 135
28 145
28 146
28 184
28 192
28 196
28 211
28 214
28 229
28 240
28 243
28 244
28 246
28 253
28 260
28 266
28 272
28 290
28 297
28 335
28 344
28 359
28 380
28 393
28 394
28 395
28 406
28 421
28 422
28 426
28 456
28 457
28 459
28 471
28 479
28 485
28 492
28 509
28 511
29 30
29 44
29 46
29 76
29 77
29 86
29 95
29 108
29 125
29 128
29 146
29 167
29 172
29 174
29 176
29 196
29 198
29 204
29 211
29 223
29 224
29 240
29 241
29 270
29 271
29 280
29 286
29 293
29 342
29 355
29 402
29 403
29 409
29 419
29 421
29 429
29 442
29 443
29 459
29 460
29 466
29 469
29 481
29 484
29 487
29 489
29 490
29 492
29 498
29 500
29 509
30 33
30 59
30 86
30 104
30 110
30 116
30 123
30 130
30 139
30 147
30 149
30 163
30 165
30 200
30 205
30 217
30 227
30 242
30 263
30 275
30 277
30 281
30 324
30 356
30 359
30 360
30 362
30 367
30 368
30 374
30 392
30 407
30 408
30 412
30 428
30 442
30 443
30 448
30 449
30 452
30 469
30 475
30 485
30 495
30 500
30 504
30 509
31 33
31 58
31 80
31 91
31 98
31 99
31 104
31 106
31 132
31 140
31 166
31 172
31 176
31 183
31 187
31 195
31 200
31 223
31 235
31 238
31 244
31 256
31 266
31 276
31 281
31 285
31 296
31 299
31 302
31 310
31 314
31 325
31 342
31 362
31 377
31 385
31 392
31 400
31 402
31 404
31 405
31 410
31 431
31 434
31 435
31 445
31 450
31 476
31 489
31 494
32 34
32 43
32 55
32 74
32 95
32 115
32 118
32 119
32 137
32 145
32 159
32 168
32 174
32 178
32 218
32 235
32 264
32 272
32 274
32 278
32 283
32 284
32 304
32 312
32 315
32 320
32 323
32 324
32 326
32 335
32 349
32 385
32 387
32 393
32 424
32 445
32 458
32 483
32 502
32 507
33 35
33 46
33 52
33 55
33 56
33 94
33 103
33 116
33 120
33 138
33 141
33 145
33 148
33 152
33 155
33 159
33 163
33 165
33 180
33 190
33 203
33 208
33 212
33 234
33 238
33 241
33 245
33 248
33 250
33 252
33 259
33 260
33 284
33 289
33 316
33 328
33 330
33 336
33 349
33 357
33 367
33 376
33 398
33 402
33 407
33 416
33 451
33 471
33 474
34 43
34 54
34 56
34 59
34 71
34 83
34 86
34 94
34 111
34 113
34 115
34 120
34 124
34 152
34 155
34 165
34 176
34 188
34 194
34 199
34 200
34 220
34 223
34 230
34 248
34 261
34 265
34 266
34 271
34 276
34 286
34 287
34 298
34 306
34 331
34 343
34 356
34 388
34 391
34 411
34 414
34 419
34 423
34 424
34 427
34 429
34 468
34 486
34 491
34 498
34 504
34 505
35 51
35 56
35 62
35 65
35 84
35 88
35 92
35 111
35 135
35 143
35 148
35 184
35 201
35 211
35 214
35 223
35 244
35 250
35 260
35 264
35 283
35 293
35 294
35 297
35 305
35 345
35 361
35 363
35 364
35 380
35 400
35 413
35 418
35 421
35 423
35 425
35 429
35 437
35 441
35 449
35 451
35 452
35 459
35 476
35 479
35 482
35 489
35 508
36 63
36 67
36 71
36 85
36 104
36 112
36 115
36 135
36 137
36 150
36 195
36 202
36 209
36 223
36 258
36 265
36 287
36 288
36 294
36 300
36 311
36 320
36 354
36 363
36 372
36 379
36 381
36 387
36 388
36 397
36 405
36 411
36 415
36 444
36 451
36 462
36 468
36 470
36 480
36 481
36 502
37 38
37 46
37 53
37 65
37 82
37 97
37 100
37 101
37 103
37 115
37 117
37 124
37 141
37 157
37 158
37 221
37 234
37 235
37 238
37 239
37 240
37 242
37 252
37 273
37 294
37 299
37 304
37 305
37 309
37 313
37 337
37 338
37 362
37 392
37 396
37 408
37 409
37 413
37 429
37 451
37 454
37 483
37 490
37 510
37 512
38 52
38 54
38 71
38 81
38 87
38 131
38 133
38 136
38 146
38 159
38 178
38 182
38 184
38 188
38 190
38 214
38 223
38 224
38 227
38 229
38 233
38 245
38 259
38 260
38 269
38 274
38 281
38 286
38 296
38 353
38 374
38 383
38 384
38 391
38 392
38 453
38 461
38 471
38 485
38 495
38 496
38 507
39 43
39 59
39 69
39 76
39 79
39 98
39 102
39 120
39 122
39 131
39 132
39 143
39 156
39 157
39 180
39 183
39 188
39 194
39 205
39 213
39 219
39 220
39 227
39 236
39 244
39 261
39 265
39 271
39 279
39 287
39 292
39 303
39 327
39 333
39 345
39 353
39 358
39 372
39 393
39 399
39 403
39 428
39 433
39 443
39 444
39 448
39 449
39 454
39 457
39 473
40 43
40 49
40 54
40 58
40 62
40 66
40 68
40 76
40 82
40 85
40 90
40 99
40 105
40 107
40 112
40 117
40 122
40 131
40 149
40 151
40 153
40 179
40 193
40 209
40 217
40 257
40 263
40 268
40 271
40 274
40 275
40 279
40 304
40 314
40 330
40 342
40 362
40 364
40 373
40 393
40 407
40 435
40 446
40 488
40 498
40 499
40 505
41 45
41 54
41 58
41 66
41 67
41 94
41 111
41 112
41 159
41 187
41 189
41 207
41 209
41 224
41 227
41 228
41 233
41 258
41 259
41 265
41 269
41 270
41 279
41 311
41 337
41 343
41 346
41 349
41 351
41 352
41 355
41 368
41 371
41 372
41 375
41 378
41 411
41 427
41 455
41 481
41 495
41 511
41 512
42 47
42 49
42 70
42 75
42 76
42 92
42 99
42 111
42 125
42 131
42 163
42 165
42 173
42 176
42 182
42 208
42 230
42 233
42 250
42 252
42 254
42 259
42 266
42 268
42 281
42 285
42 287
42 290
42 292
42 329
42 332
42 339
42 397
42 410
42 423
42 434
42 436
42 441
42 452
42 454
42 455
42 475
42 481
42 482
42 483
42 485
42 507
43 46
43 48
43 49
43 54
43 59
43 60
43 62
43 70
43 88
43 92
43 95
43 99
43 105
43 108
43 138
43 150
43 159
43 196
43 197
43 208
43 212
43 228
43 236
43 268
43 280
43 281
43 283
43 284
43 285
43 288
43 300
43 304
43 307
43 317
43 323
43 324
43 325
43 330
43 348
43 361
43 370
43 372
43 374
43 378
43 393
43 412
43 414
43 429
43 436
43 443
43 445
43 449
43 450
43 467
43 473
43 482
43 491
43 492
43 502
43 507
44 46
44 48
44 49
44 52
44 72
44 84
44 99
44 100
44 103
44 106
44 140
44 143
44 163
44 193
44 198
44 211
44 217
44 227
44 232
44 237
44 242
44 246
44 259
44 261
44 272
44 285
44 288
44 290
44 296
44 315
44 326
44 339
44 352
44 357
44 368
44 372
44 379
44 387
44 408
44 416
44 418
44 443
44 453
44 460
44 461
44 479
44 480
44 482
44 483
44 486
44 490
44 494
44 500
45 49
45 58
45 74
45 80
45 81
45 101
45 115
45 124
45 155
45 157
45 168
45 180
45 201
45 205
45 207
45 209
45 211
45 224
45 227
45 235
45 238
45 248
45 255
45 256
45 266
45 267
45 273
45 289
45 294
45 295
45 297
45 300
45 319
45 321
45 324
45 335
45 340
45 341
45 343
45 354
45 356
45 382
45 383
45 392
45 399
45 406
45 411
45 419
45 448
45 450
45 458
45 469
45 487
45 494
45 498
45 507
46 49
46 67
46 76
46 79
46 102
46 116
46 142
46 143
46 147
46 152
46 167
46 182
46 186
46 191
46 203
46 210
46 221
46 231
46 264
46 285
46 308
46 328
46 335
46 340
46 350
46 357
46 364
46 369
46 374
46 379
46 395
46 397
46 409
46 415
46 431
46 440
46 446
46 449
46 453
46 456
46 463
46 477
46 482
46 483
46 485
46 507
46 510
47 52
47 53
47 60
47 61
47 62
47 75
47 77
47 79
47 83
47 85
47 109
47 125
47 143
47 147
47 157
47 196
47 198
47 224
47 226
47 247
47 277
47 282
47 313
47 315
47 324
47 325
47 334
47 357
47 358
47 363
47 370
47 386
47 402
47 439
47 451
47 458
47 476
47 493
47 504
47 510
47 511
48 97
48 98
48 102
48 104
48 114
48 133
48 144
48 145
48 150
48 174
48 184
48 195
48 202
48 203
48 205
48 211
48 217
48 222
48 231
48 233
48 237
48 246
48 257
48 259
48 265
48 277
48 302
48 320
48 328
48 334
48 335
48 347
48 355
48 358
48 365
48 371
48 377
48 379
48 390
48 395
48 401
48 433
48 437
48 453
48 470
48 480
48 486
48 488
48 489
48 492
48 501
48 503
49 50
49 78
49 92
49 109
49 110
49 122
49 127
49 144
49 155
49 159
49 163
49 164
49 166
49 173
49 175
49 195
49 211
49 212
49 217
49 224
49 229
49 245
49 252
49 285
49 289
49 291
49 318
49 327
49 331
49 334
49 335
49 360
49 378
49 384
49 397
49 398
49 404
49 413
49 457
49 470
49 475
49 495
49 496
49 498
50 67
50 70
50 76
50 101
50 105
50 117
50 141
50 144
50 167
50 168
50 197
50 211
50 219
50 222
50 228
50 233
50 236
50 241
50 289
50 298
50 300
50 330
50 334
50 343
50 353
50 355
50 367
50 377
50 386
50 400
50 406
50 417
50 436
50 446
50 450
50 464
50 481
50 495
51 83
51 101
51 106
51 108
51 114
51 120
51 131
51 149
51 150
51 151
51 168
51 174
51 186
51 194
51 212
51 217
51 223
51 225
51 233
51 236
51 246
51 256
51 272
51 275
51 312
51 317
51 327
51 334
51 338
51 339
51 348
51 363
51 381
51 391
51 411
51 428
51 447
51 476
51 499
51 501
51 505
52 54
52 61
52 72
52 76
52 77
52 81
52 83
52 90
52 92
52 124
52 130
52 137
52 150
52 159
52 164
52 167
52 168
52 178
52 180
52 207
52 210
52 212
52 222
52 224
52 238
52 242
52 245
52 249
52 262
52 264
52 269
52 288
52 291
52 293
52 295
52 301
52 302
52 304
52 309
52 317
52 318
52 323
52 335
52 352
52 353
52 366
52 369
52 370
52 388
52 389
52 403
52 406
52 407
52 426
52 427
52 428
52 441
52 447
52 453
52 458
52 459
52 464
52 475
52 486
52 488
52 490
52 500
52 505
53 61
53 83
53 85
53 91
53 107
53 116
53 128
53 152
53 153
53 167
53 169
53 187
53 194
53 201
53 207
53 211
53 214
53 215
53 217
53 223
53 239
53 240
53 244
53 251
53 257
53 272
53 281
53 289
53 304
53 308
53 309
53 312
53 334
53 338
53 343
53 357
53 367
53 379
53 384
53 391
53 394
53 395
53 410
53 420
53 424
53 435
53 442
53 451
53 471
53 478
54 86
54 97
54 111
54 149
54 161
54 163
54 184
54 185
54 189
54 190
54 192
54 196
54 200
54 209
54 216
54 220
54 229
54 235
54 261
54 264
54 269
54 270
54 279
54 291
54 319
54 331
54 332
54 340
54 342
54 366
54 368
54 374
54 385
54 411
54 412
54 439
54 463
54 468
54 499
54 502
54 512
55 56
55 69
55 73
55 88
55 89
55 126
55 129
55 143
55 148
55 164
55 199
55 208
55 214
55 221
55 228
55 245
55 252
55 265
55 271
55 272
55 280
55 283
55 290
55 304
55 314
55 315
55 328
55 335
55 345
55 346
55 355
55 396
55 399
55 410
55 431
55 434
55 444
55 459
55 466
55 471
55 473
55 484
55 493
55 504
55 505
56 59
56 69
56 72
56 78
56 106
56 131
56 150
56 159
56 160
56 168
56 181
56 188
56 189
56 195
56 212
56 213
56 217
56 224
56 245
56 250
56 254
56 257
56 267
56 269
56 275
56 303
56 333
56 335
56 336
56 337
56 356
56 358
56 364
56 368
56 381
56 383
56 385
56 393
56 412
56 413
56 432
56 449
56 452
56 453
56 467
56 475
56 480
56 483
56 503
57 60
57 73
57 79
57 86
57 99
57 102
57 109
57 128
57 130
57 132
57 152
57 157
57 171
57 178
57 183
57 195
57 202
57 210
57 229
57 232
57 244
57 247
57 281
57 283
57 284
57 299
57 306
57 316
57 322
57 323
57 329
57 333
57 338
57 349
57 368
57 376
57 403
57 409
57 413
57 422
57 429
57 448
57 450
57 469
57 480
57 487
57 495
57 509
58 60
58 64
58 76
58 79
58 85
58 139
58 144
58 167
58 169
58 172
58 173
58 178
58 181
58 184
58 186
58 191
58 210
58 213
58 214
58 218
58 220
58 221
58 223
58 224
58 230
58 244
58 247
58 255
58 258
58 269
58 272
58 287
58 301
58 303
58 307
58 318
58 339
58 350
58 356
58 361
58 364
58 365
58 373
58 374
58 389
58 394
58 403
58 406
58 408
58 421
58 443
58 452
58 467
58 470
58 471
58 475
58 478
58 482
58 484
58 509
59 85
59 86
59 92
59 104
59 144
59 145
59 146
59 157
59 167
59 168
59 179
59 197
59 209
59 219
59 224
59 227
59 243
59 252
59 270
59 302
59 305
59 308
59 312
59 328
59 337
59 345
59 352
59 358
59 397
59 418
59 430
59 437
59 444
59 446
59 447
59 455
59 459
59 467
59 473
59 479
59 485
59 506
60 81
60 86
60 88
60 104
60 110
60 121
60 123
60 143
60 144
60 146
60 149
60 154
60 162
60 176
60 179
60 184
60 190
60 193
60 195
60 203
60 213
60 214
60 222
60 231
60 237
60 240
60 280
60 290
60 322
60 324
60 360
60 378
60 382
60 390
60 412
60 420
60 438
60 448
60 478
60 484
60 496
60 500
61 74
61 78
61 90
61 101
61 103
61 104
61 107
61 127
61 150
61 161
61 173
61 187
61 190
61 192
61 193
61 198
61 203
61 212
61 218
61 225
61 280
61 281
61 313
61 316
61 322
61 333
61 339
61 348
61 354
61 359
61 362
61 367
61 370
61 376
61 377
61 381
61 386
61 394
61 395
61 403
61 405
61 408
61 412
61 413
61 414
61 418
61 422
61 432
61 441
61 447
61 454
61 461
61 465
61 474
61 475
61 491
61 503
61 512
62 75
62 92
62 97
62 102
62 110
62 118
62 120
62 126
62 129
62 131
62 160
62 161
62 176
62 180
62 186
62 191
62 198
62 199
62 209
62 213
62 236
62 272
62 285
62 286
62 287
62 288
62 318
62 322
62 326
62 355
62 367
62 382
62 394
62 395
62 399
62 401
62 406
62 407
62 416
62 434
62 439
62 452
62 456
62 479
62 484
62 495
62 507
63 98
63 107
63 109
63 144
63 170
63 179
63 185
63 192
63 203
63 204
63 219
63 234
63 239
63 242
63 250
63 251
63 258
63 284
63 312
63 314
63 316
63 335
63 357
63 367
63 371
63 381
63 382
63 383
63 386
63 392
63 396
63 400
63 408
63 415
63 432
63 438
63 443
63 445
63 448
63 461
63 473
63 483
64 67
64 73
64 74
64 76
64 83
64 94
64 96
64 102
64 117
64 118
64 133
64 134
64 142
64 174
64 189
64 199
64 205
64 209
64 213
64 231
64 240
64 316
64 323
64 326
64 331
64 336
64 347
64 353
64 360
64 362
64 366
64 375
64 381
64 383
64 415
64 425
64 432
64 436
64 468
64 470
64 471
64 472
64 485
64 496
65 75
65 83
65 117
65 122
65 123
65 147
65 148
65 190
65 202
65 218
65 221
65 231
65 241
65 254
65 272
65 279
65 284
65 318
65 345
65 362
65 391
65 393
65 396
65 403
65 404
65 429
65 456
65 457
65 467
65 469
65 472
65 482
65 492
65 498
66 69
66 74
66 78
66 86
66 104
66 108
66 126
66 131
66 172
66 185
66 187
66 194
66 195
66 202
66 207
66 209
66 222
66 226
66 231
66 235
66 236
66 238
66 250
66 252
66 258
66 273
66 287
66 291
66 306
66 326
66 329
66 378
66 380
66 382
66 396
66 410
66 412
66 413
66 417
66 423
66 437
66 442
66 460
66 462
66 467
66 483
66 497
66 507
67 81
67 113
67 122
67 164
67 170
67 190
67 191
67 206
67 208
67 217
67 220
67 239
67 242
67 248
67 253
67 281
67 288
67 296
67 320
67 337
67 362
67 373
67 379
67 380
67 403
67 409
67 412
67 420
67 434
67 441
67 448
67 450
67 452
67 454
67 455
67 457
67 475
67 476
67 502
68 82
68 121
68 124
68 131
68 162
68 184
68 199
68 201
68 214
68 229
68 248
68 270
68 281
68 286
68 291
68 310
68 317
68 335
68 352
68 353
68 359
68 366
68 375
68 406
68 419
68 429
68 435
68 445
68 463
68 473
68 488
68 493
68 495
68 510
69 71
69 73
69 105
69 111
69 153
69 157
69 171
69 178
69 186
69 196
69 212
69 234
69 237
69 247
69 266
69 268
69 277
69 288
69 291
69 292
69 301
69 312
69 337
69 341
69 342
69 346
69 350
69 357
69 362
69 369
69 373
69 383
69 385
69 399
69 408
69 409
69 412
69 439
69 440
69 448
69 451
69 468
69 469
69 509
69 512
70 94
70 137
70 157
70 158
70 168
70 171
70 184
70 188
70 206
70 215
70 222
70 241
70 250
70 287
70 290
70 306
70 308
70 313
70 321
70 363
70 367
70 376
70 387
70 394
70 401
70 405
70 414
70 415
70 420
70 428
70 433
70 439
70 441
70 449
70 450
70 453
70 455
70 456
70 462
70 475
70 487
70 488
70 492
70 497
70 504
71 75
71 82
71 102
71 112
71 113
71 115
71 117
71 137
71 138
71 192
71 193
71 210
71 214
71 222
71 230
71 239
71 241
71 257
71 273
71 292
71 300
71 318
71 329
71 394
71 396
71 398
71 405
71 407
71 408
71 433
71 459
71 466
71 467
71 472
71 474
71 479
71 496
72 80
72 86
72 88
72 98
72 104
72 105
72 108
72 114
72 118
72 141
72 142
72 148
72 178
72 187
72 196
72 205
72 206
72 208
72 219
72 228
72 232
72 246
72 250
72 273
72 281
72 299
72 307
72 313
72 315
72 337
72 386
72 389
72 417
72 424
72 430
72 444
72 476
72 486
72 491
72 494
73 90
73 92
73 96
73 120
73 134
73 140
73 144
73 153
73 167
73 181
73 194
73 201
73 202
73 210
73 230
73 234
73 261
73 273
73 298
73 305
73 318
73 322
73 326
73 332
73 338
73 344
73 361
73 400
73 421
73 426
73 427
73 442
73 446
73 462
73 472
73 487
73 499
73 505
73 511
74 109
74 116
74 140
74 148
74 149
74 160
74 164
74 195
74 226
74 236
74 242
74 264
74 290
74 304
74 317
74 331
74 334
74 340
74 341
74 344
74 347
74 376
74 391
74 393
74 397
74 401
74 406
74 413
74 419
74 429
74 438
74 448
74 476
74 493
75 102
75 127
75 149
75 158
75 164
75 173
75 174
75 184
75 193
75 203
75 228
75 250
75 252
75 260
75 276
75 283
75 286
75 287
75 292
75 323
75 324
75 342
75 344
75 349
75 365
75 370
75 372
75 396
75 399
75 401
75 421
75 433
75 436
75 445
75 455
75 462
75 463
75 475
75 502
76 89
76 92
76 105
76 111
76 112
76 114
76 118
76 131
76 137
76 151
76 153
76 157
76 163
76 175
76 202
76 208
76 211
76 217
76 219
76 226
76 239
76 242
76 243
76 247
76 248
76 254
76 278
76 280
76 308
76 313
76 315
76 320
76 332
76 349
76 354
76 359
76 374
76 383
76 392
76 395
76 403
76 408
76 409
76 416
76 418
76 425
76 434
76 436
76 468
76 482
76 486
77 90
77 101
77 109
77 116
77 125
77 131
77 132
77 136
77 138
77 172
77 196
77 208
77 227
77 228
77 244
77 258
77 269
77 272
77 275
77 277
77 291
77 302
77 305
77 358
77 359
77 365
77 367
77 368
77 372
77 413
77 433
77 446
77 447
77 448
77 451
77 470
77 493
77 495
77 506
78 82
78 95
78 100
78 111
78 117
78 128
78 131
78 139
78 155
78 168
78 171
78 175
78 183
78 196
78 206
78 211
78 216
78 217
78 237
78 249
78 255
78 261
78 280
78 284
78 306
78 314
78 318
78 329
78 342
78 347
78 356
78 369
78 381
78 386
78 392
78 408
78 421
78 429
78 432
78 462
78 481
78 494
78 500
79 91
79 98
79 103
79 117
79 127
79 138
79 140
79 143
79 145
79 161
79 164
79 170
79 177
79 181
79 202
79 218
79 222
79 269
79 276
79 306
79 307
79 311
79 317
79 318
79 321
79 329
79 385
79 388
79 400
79 445
79 476
79 480
79 484
79 487
79 493
79 498
79 499
80 94
80 104
80 110
80 147
80 154
80 155
80 178
80 180
80 191
80 201
80 204
80 216
80 219
80 223
80 231
80 249
80 266
80 306
80 307
80 309
80 319
80 320
80 333
80 336
80 347
80 355
80 356
80 362
80 372
80 380
80 395
80 396
80 442
80 445
80 450
80 468
80 477
80 480
80 497
81 94
81 107
81 108
81 139
81 145
81 146
81 147
81 156
81 174
81 176
81 196
81 200
81 201
81 234
81 259
81 263
81 264
81 283
81 284
81 289
81 310
81 314
81 351
81 370
81 371
81 375
81 389
81 398
81 405
81 428
81 432
81 452
81 453
81 461
81 462
81 469
81 485
81 486
81 489
81 494
81 506
82 87
82 97
82 99
82 111
82 119
82 127
82 154
82 170
82 179
82 203
82 230
82 231
82 247
82 250
82 269
82 284
82 297
82 330
82 342
82 344
82 346
82 354
82 368
82 371
82 377
82 391
82 410
82 411
82 433
82 434
82 437
82 467
82 495
82 499
82 510
83 84
83 94
83 98
83 101
83 140
83 159
83 165
83 176
83 188
83 193
83 204
83 214
83 221
83 264
83 267
83 282
83 324
83 341
83 376
83 400
83 434
83 436
83 454
83 464
83 477
84 87
84 89
84 91
84 122
84 148
84 159
84 163
84 171
84 173
84 176
84 181
84 183
84 184
84 193
84 199
84 205
84 208
84 213
84 216
84 219
84 238
84 242
84 244
84 255
84 257
84 262
84 263
84 276
84 291
84 298
84 308
84 314
84 320
84 328
84 331
84 339
84 362
84 367
84 369
84 410
84 416
84 421
84 422
84 436
84 441
84 460
84 474
84 484
84 498
85 87
85 88
85 95
85 101
85 115
85 141
85 157
85 163
85 164
85 165
85 168
85 175
85 176
85 178
85 182
85 193
85 207
85 208
85 214
85 235
85 237
85 241
85 247
85 255
85 263
85 283
85 287
85 295
85 314
85 315
85 336
85 346
85 347
85 357
85 359
85 378
85 390
85 397
85 400
85 408
85 409
85 426
85 430
85 432
85 453
85 454
85 461
85 464
85 500
85 503
86 103
86 115
86 123
86 129
86 135
86 136
86 159
86 163
86 175
86 193
86 208
86 219
86 228
86 241
86 243
86 245
86 262
86 267
86 269
86 274
86 292
86 296
86 305
86 320
86 323
86 326
86 327
86 328
86 344
86 348
86 358
86 383
86 388
86 404
86 421
86 426
86 432
86 433
86 440
86 452
86 455
86 457
86 465
86 469
86 505
86 506
86 512
87 103
87 110
87 114
87 116
87 118
87 120
87 143
87 145
87 146
87 148
87 149
87 151
87 159
87 172
87 183
87 184
87 186
87 198
87 222
87 226
87 236
87 242
87 254
87 256
87 283
87 301
87 304
87 308
87 317
87 331
87 332
87 336
87 347
87 356
87 377
87 419
87 429
87 431
87 450
87 451
87 476
87 503
87 507
88 102
88 103
88 106
88 112
88 118
88 135
88 140
88 151
88 177
88 178
88 192
88 195
88 197
88 200
88 203
88 216
88 217
88 234
88 248
88 259
88 269
88 292
88 318
88 323
88 324
88 326
88 327
88 329
88 330
88 332
88 343
88 346
88 348
88 355
88 361
88 363
88 373
88 394
88 410
88 449
88 485
88 495
88 498
88 507
88 512
89 91
89 93
89 98
89 106
89 108
89 155
89 163
89 165
89 180
89 185
89 197
89 204
89 237
89 245
89 249
89 263
89 266
89 299
89 323
89 331
89 337
89 339
89 352
89 360
89 372
89 376
89 385
89 387
89 395
89 404
89 426
89 441
89 458
89 462
89 472
89 480
89 489
89 490
89 501
89 507
89 512
90 93
90 101
90 112
90 142
90 143
90 154
90 160
90 169
90 174
90 176
90 192
90 197
90 206
90 211
90 250
90 254
90 262
90 265
90 272
90 276
90 308
90 314
90 317
90 327
90 336
90 341
90 352
90 353
90 366
90 377
90 379
90 386
90 389
90 403
90 409
90 421
90 443
90 478
90 491
90 506
91 93
91 96
91 106
91 107
91 111
91 130
91 146
91 154
91 158
91 170
91 178
91 189
91 208
91 212
91 215
91 219
91 227
91 248
91 259
91 268
91 269
91 277
91 285
91 290
91 295
91 298
91 305
91 329
91 334
91 363
91 364
91 369
91 371
91 376
91 402
91 422
91 435
91 439
91 443
91 463
91 474
91 505
91 510
92 105
92 110
92 113
92 120
92 142
92 157
92 167
92 170
92 172
92 173
92 197
92 204
92 206
92 210
92 220
92 222
92 241
92 244
92 249
92 255
92 256
92 268
92 277
92 278
92 306
92 308
92 323
92 329
92 333
92 339
92 343
92 355
92 361
92 390
92 391
92 392
92 398
92 413
92 450
92 451
92 456
92 466
92 481
92 489
93 101
93 106
93 120
93 131
93 135
93 147
93 150
93 195
93 219
93 223
93 227
93 228
93 230
93 231
93 277
93 282
93 292
93 299
93 307
93 318
93 319
93 332
93 351
93 354
93 355
93 363
93 375
93 377
93 380
93 384
93 395
93 402
93 403
93 410
93 413
93 422
93 426
93 444
93 471
93 474
93 477
93 481
93 483
93 488
93 493
93 495
93 502
93 506
94 99
94 103
94 122
94 138
94 140
94 188
94 192
94 204
94 207
94 235
94 246
94 253
94 265
94 276
94 279
94 285
94 305
94 310
94 316
94 317
94 322
94 367
94 391
94 417
94 428
94 450
94 465
94 469
94 476
94 478
94 484
94 492
94 494
94 503
95 110
95 122
95 137
95 143
95 152
95 180
95 181
95 188
95 214
95 220
95 222
95 223
95 231
95 241
95 262
95 275
95 278
95 313
95 321
95 331
95 337
95 353
95 360
95 374
95 375
95 378
95 388
95 413
95 417
95 433
95 448
95 458
95 461
95 465
95 473
95 499
95 504
95 506
96 101
96 104
96 122
96 123
96 153
96 167
96 173
96 190
96 214
96 217
96 220
96 221
96 225
96 238
96 256
96 264
96 268
96 274
96 276
96 280
96 281
96 284
96 285
96 291
96 300
96 310
96 341
96 344
96 356
96 360
96 361
96 362
96 366
96 399
96 418
96 432
96 444
96 445
96 463
96 464
96 485
96 490
96 496
96 508
96 510
97 102
97 122
97 130
97 141
97 145
97 147
97 164
97 171
97 175
97 177
97 188
97 189
97 191
97 219
97 223
97 229
97 238
97 241
97 247
97 259
97 283
97 288
97 298
97 346
97 363
97 364
97 367
97 373
97 425
97 428
97 432
97 435
97 443
97 450
97 455
97 457
97 462
97 466
97 472
97 481
97 496
98 100
98 108
98 110
98 118
98 131
98 147
98 153
98 160
98 164
98 175
98 177
98 179
98 189
98 195
98 203
98 207
98 212
98 226
98 234
98 246
98 266
98 272
98 280
98 284
98 295
98 299
98 303
98 318
98 323
98 324
98 327
98 330
98 357
98 374
98 389
98 391
98 406
98 410
98 415
98 422
98 427
98 434
98 435
98 439
98 450
98 456
98 465
98 477
98 489
98 498
98 499
98 504
99 125
99 133
99 136
99 162
99 163
99 173
99 180
99 193
99 213
99 218
99 236
99 241
99 242
99 243
99 251
99 256
99 273
99 283
99 313
99 316
99 323
99 326
99 328
99 342
99 345
99 372
99 380
99 381
99 384
99 385
99 402
99 428
99 444
99 455
99 456
99 465
99 484
99 490
99 507
99 510
100 116
100 157
100 158
100 160
100 162
100 173
100 178
100 198
100 203
100 207
100 256
100 259
100 268
100 284
100 291
100 312
100 326
100 328
100 341
100 344
100 367
100 376
100 378
100 398
100 400
100 407
100 415
100 431
100 461
100 464
100 476
100 484
100 505
100 506
100 508
100 512
101 110
101 120
101 131
101 134
101 139
101 148
101 149
101 159
101 161
101 163
101 169
101 172
101 175
101 179
101 181
101 204
101 208
101 221
101 224
101 238
101 241
101 245
101 262
101 264
101 267
101 274
101 275
101 279
101 306
101 310
101 316
101 324
101 345
101 347
101 359
101 369
101 375
101 393
101 414
101 438
101 439
101 445
101 457
101 465
101 493
102 104
102 110
102 122
102 128
102 130
102 133
102 156
102 160
102 161
102 165
102 170
102 173
102 178
102 182
102 187
102 203
102 206
102 222
102 231
102 246
102 249
102 258
102 291
102 296
102 305
102 306
102 327
102 337
102 338
102 339
102 343
102 356
102 378
102 386
102 402
102 411
102 431
102 432
102 434
102 435
102 448
102 452
102 468
102 487
103 114
103 120
103 122
103 125
103 141
103 163
103 164
103 173
103 182
103 187
103 196
103 199
103 206
103 213
103 217
103 233
103 249
103 251
103 258
103 260
103 275
103 287
103 298
103 305
103 318
103 322
103 331
103 334
103 336
103 341
103 343
103 348
103 351
103 357
103 366
103 385
103 388
103 390
103 409
103 439
103 441
103 444
103 453
103 469
103 508
103 512
104 116
104 123
104 129
104 133
104 159
104 164
104 189
104 193
104 204
104 231
104 233
104 245
104 250
104 260
104 262
104 263
104 279
104 288
104 296
104 335
104 340
104 352
104 361
104 363
104 371
104 385
104 427
104 438
104 439
104 447
104 452
104 461
104 463
104 482
104 487
104 490
104 501
104 511
104 512
105 115
105 120
105 134
105 147
105 149
105 153
105 154
105 163
105 178
105 185
105 208
105 213
105 224
105 229
105 244
105 255
105 256
105 268
105 270
105 285
105 286
105 296
105 298
105 304
105 351
105 358
105 375
105 389
105 396
105 412
105 418
105 419
105 435
105 436
105 438
105 441
105 455
105 468
105 471
105 473
105 487
105 493
105 497
105 512
106 109
106 120
106 133
106 177
106 190
106 192
106 201
106 227
106 240
106 244
106 246
106 270
106 276
106 282
106 290
106 297
106 302
106 318
106 321
106 324
106 334
106 352
106 361
106 372
106 379
106 380
106 394
106 401
106 409
106 411
106 429
106 441
106 477
106 482
106 488
106 491
106 497
106 510
107 109
107 143
107 146
107 184
107 195
107 204
107 206
107 231
107 259
107 265
107 266
107 269
107 277
107 291
107 305
107 309
107 322
107 327
107 348
107 383
107 384
107 392
107 396
107 398
107 417
107 422
107 458
107 462
107 468
107 469
107 470
107 472
107 490
107 496
107 499
107 500
108 113
108 140
108 143
108 158
108 160
108 165
108 173
108 174
108 181
108 189
108 190
108 195
108 229
108 254
108 259
108 266
108 274
108 276
108 278
108 318
108 334
108 339
108 344
108 358
108 369
108 370
108 376
108 380
108 391
108 405
108 407
108 415
108 416
108 421
108 428
108 446
108 454
108 455
108 459
108 460
108 464
108 471
108 503
108 504
108 507
108 509
109 111
109 116
109 122
109 123
109 150
109 170
109 171
109 175
109 188
109 198
109 205
109 210
109 217
109 224
109 228
109 230
109 235
109 246
109 250
109 261
109 265
109 300
109 315
109 321
109 328
109 360
109 366
109 391
109 392
109 395
109 408
109 439
109 450
109 455
109 458
109 466
109 473
109 477
109 480
109 499
109 504
110 115
110 158
110 165
110 183
110 194
110 198
110 200
110 204
110 205
110 208
110 234
110 237
110 246
110 272
110 293
110 301
110 304
110 316
110 320
110 321
110 323
110 346
110 355
110 358
110 364
110 369
110 376
110 389
110 397
110 403
110 411
110 419
110 433
110 449
110 460
110 461
110 462
110 468
110 489
110 495
110 498
110 499
111 119
111 126
111 130
111 152
111 158
111 171
111 175
111 180
111 183
111 217
111 224
111 232
111 242
111 256
111 338
111 341
111 356
111 376
111 397
111 400
111 427
111 465
111 471
111 498
111 499
111 506
111 509
111 512
112 123
112 126
112 135
112 141
112 168
112 185
112 196
112 219
112 233
112 241
112 243
112 268
112 273
112 275
112 277
112 286
112 288
112 301
112 305
112 376
112 377
112 413
112 427
112 439
112 441
112 450
112 451
112 472
112 489
112 508
112 511
113 119
113 130
113 158
113 161
113 166
113 181
113 193
113 198
113 208
113 227
113 231
113 235
113 246
113 250
113 263
113 264
113 265
113 270
113 272
113 280
113 302
113 351
113 360
113 368
113 378
113 401
113 404
113 414
113 421
113 453
113 466
113 470
113 472
113 497
114 126
114 133
114 136
114 157
114 181
114 190
114 199
114 216
114 260
114 266
114 268
114 274
114 278
114 281
114 283
114 317
114 322
114 324
114 325
114 344
114 364
114 369
114 370
114 372
114 382
114 385
114 396
114 405
114 409
114 423
114 424
114 432
114 446
114 457
114 463
114 464
114 465
114 468
114 474
114 477
114 489
114 503
115 141
115 168
115 169
115 182
115 183
115 210
115 212
115 223
115 239
115 257
115 261
115 274
115 297
115 314
115 318
115 320
115 324
115 341
115 363
115 383
115 407
115 429
115 431
115 444
115 451
115 470
115 486
115 493
115 507
115 508
116 119
116 139
116 161
116 187
116 193
116 209
116 214
116 236
116 255
116 259
116 283
116 298
116 308
116 310
116 313
116 339
116 348
116 353
116 358
116 366
116 381
116 385
116 391
116 397
116 405
116 411
116 433
116 439
116 451
116 461
116 484
116 489
116 496
116 497
116 499
116 500
116 501
116 509
117 119
117 142
117 151
117 154
117 167
117 174
117 183
117 190
117 223
117 227
117 228
117 250
117 259
117 262
117 265
117 271
117 273
117 276
117 296
117 301
117 308
117 311
117 321
117 324
117 331
117 345
117 350
117 352
117 358
117 359
117 361
117 362
117 373
117 376
117 388
117 403
117 405
117 423
117 426
117 468
117 473
117 486
117 490
117 497
117 498
118 122
118 133
118 140
118 167
118 199
118 208
118 213
118 215
118 231
118 240
118 264
118 283
118 289
118 296
118 297
118 298
118 318
118 344
118 347
118 352
118 376
118 383
118 387
118 404
118 424
118 438
118 450
118 451
118 458
118 459
118 462
118 484
119 121
119 133
119 148
119 151
119 152
119 159
119 169
119 172
119 173
119 188
119 194
119 205
119 243
119 260
119 271
119 275
119 279
119 293
119 295
119 306
119 308
119 309
119 320
119 322
119 338
119 347
119 354
119 355
119 369
119 375
119 378
119 382
119 384
119 393
119 405
119 416
119 431
119 433
119 452
119 455
119 462
119 466
119 468
119 471
119 474
119 492
119 511
120 146
120 177
120 182
120 183
120 194
120 196
120 202
120 207
120 210
120 241
120 245
120 283
120 286
120 287
120 296
120 301
120 303
120 321
120 327
120 360
120 366
120 374
120 386
120 394
120 425
120 431
120 442
120 443
120 447
120 460
120 469
120 473
120 479
120 486
120 492
120 495
120 508
121 147
121 159
121 160
121 161
121 165
121 173
121 191
121 193
121 197
121 218
121 227
121 238
121 239
121 259
121 263
121 270
121 275
121 277
121 286
121 303
121 309
121 317
121 318
121 326
121 331
121 344
121 362
121 388
121 389
121 404
121 405
121 408
121 409
121 412
121 430
121 431
121 437
121 483
121 499
122 129
122 149
122 163
122 165
122 168
122 170
122 193
122 197
122 219
122 221
122 222
122 224
122 225
122 234
122 237
122 241
122 247
122 271
122 275
122 276
122 294
122 301
122 308
122 316
122 327
122 338
122 345
122 346
122 353
122 376
122 379
122 396
122 408
122 410
122 417
122 423
122 447
122 449
122 455
122 457
122 459
122 476
122 488
123 129
123 131
123 136
123 148
123 158
123 160
123 170
123 184
123 196
123 198
123 206
123 214
123 215
123 233
123 267
123 276
123 279
123 307
123 315
123 322
123 349
123 363
123 395
123 405
123 406
123 407
123 413
123 415
123 436
123 440
123 445
123 454
123 459
123 472
123 495
123 496
123 504
123 509
124 133
124 140
124 142
124 145
124 150
124 151
124 155
124 171
124 181
124 229
124 233
124 244
124 258
124 283
124 302
124 306
124 326
124 330
124 343
124 344
124 357
124 362
124 376
124 386
124 391
124 400
124 430
124 439
124 447
124 457
124 468
124 479
124 485
124 487
124 489
125 128
125 131
125 138
125 159
125 160
125 174
125 177
125 180
125 182
125 188
125 191
125 197
125 198
125 208
125 218
125 236
125 246
125 251
125 289
125 310
125 313
125 317
125 332
125 335
125 336
125 343
125 345
125 358
125 367
125 372
125 397
125 403
125 423
125 430
125 431
125 433
125 440
125 442
125 444
125 452
125 477
125 484
125 488
125 501
126 134
126 162
126 166
126 172
126 180
126 182
126 201
126 217
126 218
126 223
126 240
126 247
126 263
126 282
126 301
126 302
126 321
126 338
126 345
126 351
126 352
126 367
126 380
126 387
126 389
126 410
126 425
126 428
126 451
126 457
126 469
126 476
126 503
126 508
127 142
127 146
127 152
127 153
127 159
127 181
127 183
127 186
127 190
127 200
127 223
127 225
127 229
127 236
127 245
127 246
127 256
127 276
127 294
127 298
127 300
127 301
127 302
127 320
127 323
127 345
127 352
127 379
127 397
127 414
127 419
127 430
127 432
127 460
127 461
127 474
127 477
127 484
127 486
127 489
127 506
127 512
128 138
128 147
128 159
128 172
128 194
128 199
128 221
128 233
128 238
128 252
128 254
128 265
128 290
128 299
128 306
128 309
128 332
128 334
128 348
128 353
128 358
128 367
128 368
128 370
128 383
128 386
128 405
128 413
128 420
128 439
128 459
128 460
128 462
128 469
128 475
128 497
129 131
129 133
129 140
129 156
129 175
129 180
129 181
129 187
129 188
129 195
129 199
129 212
129 214
129 222
129 232
129 253
129 254
129 297
129 330
129 334
129 337
129 341
129 347
129 367
129 397
129 402
129 411
129 413
129 418
129 438
129 456
129 473
129 483
129 506
130 163
130 167
130 171
130 175
130 205
130 219
130 222
130 230
130 233
130 245
130 261
130 263
130 286
130 291
130 304
130 309
130 327
130 334
130 339
130 340
130 344
130 359
130 372
130 378
130 391
130 392
130 406
130 408
130 418
130 443
130 454
130 459
130 474
130 486
130 494
130 495
130 502
131 132
131 133
131 164
131 173
131 188
131 213
131 221
131 231
131 237
131 254
131 256
131 276
131 285
131 289
131 294
131 314
131 317
131 322
131 327
131 335
131 349
131 351
131 353
131 366
131 391
131 392
131 403
131 414
131 421
131 427
131 431
131 439
131 457
131 481
131 483
131 495
131 496
131 500
131 511
132 133
132 134
132 151
132 155
132 170
132 171
132 183
132 188
132 189
132 194
132 197
132 210
132 222
132 233
132 239
132 257
132 268
132 325
132 354
132 358
132 363
132 372
132 374
132 397
132 399
132 404
132 437
132 438
132 442
132 443
132 444
132 454
132 457
132 459
132 477
132 497
132 504
132 510
133 134
133 148
133 165
133 170
133 201
133 202
133 205
133 211
133 215
133 217
133 220
133 221
133 229
133 238
133 252
133 277
133 308
133 318
133 327
133 377
133 385
133 390
133 399
133 402
133 426
133 427
133 433
133 456
133 461
133 466
133 473
133 500
133 506
133 510
134 135
134 139
134 148
134 150
134 155
134 157
134 184
134 190
134 213
134 216
134 236
134 257
134 258
134 260
134 291
134 300
134 309
134 312
134 315
134 330
134 333
134 339
134 341
134 349
134 354
134 377
134 412
134 421
134 436
134 439
134 442
134 457
134 473
134 481
134 482
134 487
134 496
134 497
134 507
134 508
135 136
135 167
135 172
135 195
135 197
135 208
135 212
135 215
135 244
135 250
135 256
135 275
135 288
135 293
135 297
135 301
135 304
135 313
135 314
135 317
135 324
135 330
135 342
135 343
135 346
135 361
135 364
135 365
135 375
135 383
135 385
135 392
135 403
135 405
135 408
135 423
135 427
135 444
135 456
135 466
135 471
135 486
135 491
135 492
136 149
136 152
136 158
136 178
136 208
136 229
136 231
136 247
136 261
136 266
136 274
136 299
136 308
136 329
136 331
136 333
136 338
136 354
136 364
136 366
136 381
136 384
136 386
136 402
136 404
136 407
136 408
136 410
136 413
136 422
136 426
136 438
136 439
136 453
136 456
136 491
136 496
136 498
136 512
137 138
137 144
137 149
137 154
137 162
137 171
137 182
137 186
137 217
137 221
137 229
137 234
137 243
137 251
137 262
137 292
137 293
137 298
137 308
137 322
137 346
137 365
137 378
137 394
137 415
137 422
137 428
137 441
137 445
137 476
137 478
137 482
137 485
137 491
137 502
137 504
138 140
138 143
138 144
138 146
138 153
138 163
138 166
138 172
138 176
138 181
138 186
138 195
138 232
138 244
138 247
138 253
138 255
138 266
138 270
138 278
138 282
138 285
138 312
138 317
138 335
138 346
138 357
138 367
138 370
138 382
138 398
138 417
138 423
138 439
138 444
138 445
138 467
138 477
138 486
138 490
138 497
138 500
138 508
139 148
139 155
139 156
139 160
139 163
139 172
139 175
139 185
139 188
139 193
139 201
139 207
139 211
139 226
139 237
139 239
139 259
139 261
139 263
139 283
139 299
139 328
139 333
139 340
139 346
139 347
139 364
139 393
139 400
139 407
139 426
139 432
139 450
139 463
139 472
139 474
139 478
139 484
139 499
139 506
140 144
140 161
140 173
140 208
140 227
140 259
140 270
140 308
140 322
140 327
140 333
140 334
140 341
140 345
140 347
140 348
140 352
140 353
140 372
140 376
140 385
140 395
140 408
140 421
140 448
140 452
140 478
140 482
140 492
140 497
140 505
140 512
141 151
141 153
141 161
141 183
141 206
141 229
141 248
141 253
141 259
141 270
141 272
141 281
141 284
141 306
141 324
141 362
141 363
141 378
141 383
141 403
141 404
141 443
141 466
141 498
142 166
142 196
142 212
142 214
142 229
142 247
142 251
142 259
142 271
142 272
142 275
142 287
142 322
142 338
142 340
142 349
142 363
142 397
142 410
142 411
142 420
142 422
142 432
142 490
142 493
142 500
142 506
142 508
143 152
143 160
143 164
143 176
143 208
143 225
143 230
143 247
143 263
143 280
143 281
143 287
143 294
143 299
143 315
143 336
143 346
143 358
143 365
143 373
143 374
143 375
143 380
143 389
143 395
143 408
143 412
143 421
143 437
143 469
143 474
143 491
143 498
143 509
144 157
144 164
144 168
144 185
144 187
144 199
144 201
144 204
144 213
144 219
144 245
144 250
144 255
144 274
144 279
144 294
144 303
144 307
144 326
144 356
144 362
144 383
144 394
144 403
144 407
144 419
144 429
144 438
144 449
144 453
144 464
144 474
144 483
144 498
144 503
145 147
145 151
145 163
145 167
145 192
145 202
145 211
145 229
145 243
145 254
145 268
145 269
145 302
145 307
145 319
145 321
145 330
145 333
145 335
145 364
145 380
145 415
145 416
145 417
145 430
145 434
145 464
145 468
145 472
145 473
145 484
145 499
145 509
145 511
146 147
146 150
146 151
146 167
146 170
146 177
146 186
146 195
146 208
146 229
146 236
146 242
146 244
146 250
146 252
146 253
146 284
146 319
146 347
146 349
146 363
146 364
146 376
146 388
146 403
146 415
146 421
146 425
146 435
146 441
146 456
146 491
146 504
147 149
147 158
147 165
147 169
147 178
147 192
147 198
147 202
147 211
147 221
147 224
147 237
147 239
147 243
147 251
147 253
147 255
147 280
147 281
147 307
147 360
147 419
147 424
147 456
147 470
147 481
147 484
148 182
148 193
148 219
148 225
148 259
148 269
148 271
148 272
148 298
148 300
148 305
148 311
148 320
148 336
148 340
148 366
148 375
148 388
148 389
148 395
148 433
148 441
148 461
148 462
148 473
148 494
149 157
149 166
149 174
149 190
149 218
149 219
149 240
149 243
149 249
149 262
149 266
149 268
149 277
149 282
149 297
149 318
149 323
149 326
149 330
149 331
149 340
149 353
149 370
149 376
149 379
149 381
149 395
149 404
149 407
149 434
149 437
149 444
149 446
149 448
149 478
149 479
149 492
149 508
149 509
150 159
150 172
150 179
150 196
150 200
150 201
150 205
150 206
150 208
150 211
150 213
150 219
150 227
150 228
150 248
150 250
150 277
150 279
150 293
150 304
150 308
150 322
150 336
150 342
150 354
150 362
150 363
150 369
150 403
150 411
150 421
150 426
150 452
150 459
150 460
150 463
150 469
150 476
150 486
150 501
150 502
150 511
151 221
151 229
151 244
151 247
151 253
151 254
151 296
151 297
151 304
151 311
151 325
151 336
151 340
151 368
151 374
151 403
151 413
151 419
151 438
151 461
151 471
151 477
152 169
152 176
152 183
152 190
152 192
152 195
152 207
152 215
152 218
152 219
152 243
152 251
152 266
152 276
152 281
152 284
152 292
152 315
152 325
152 328
152 329
152 337
152 340
152 352
152 363
152 387
152 417
152 429
152 433
152 438
152 446
152 458
152 460
152 462
152 465
152 468
152 473
152 474
152 484
152 491
152 494
152 499
152 503
153 161
153 193
153 208
153 213
153 223
153 233
153 241
153 248
153 253
153 300
153 321
153 324
153 333
153 357
153 371
153 391
153 438
153 439
153 442
153 458
153 461
153 464
153 473
153 475
153 483
153 494
153 500
153 501
153 508
154 156
154 165
154 168
154 173
154 176
154 180
154 190
154 194
154 212
154 214
154 229
154 232
154 234
154 240
154 264
154 288
154 289
154 312
154 315
154 318
154 324
154 330
154 338
154 344
154 348
154 355
154 370
154 372
154 396
154 403
154 422
154 429
154 432
154 476
154 485
154 490
154 491
154 493
154 494
155 164
155 188
155 190
155 197
155 204
155 219
155 233
155 245
155 270
155 272
155 295
155 305
155 309
155 320
155 327
155 344
155 371
155 376
155 377
155 380
155 382
155 385
155 399
155 404
155 405
155 409
155 420
155 423
155 462
155 466
155 472
155 476
155 488
155 507
155 512
156 161
156 169
156 172
156 173
156 178
156 179
156 210
156 225
156 228
156 232
156 234
156 236
156 238
156 263
156 271
156 276
156 280
156 284
156 289
156 294
156 306
156 318
156 329
156 333
156 336
156 353
156 368
156 369
156 378
156 383
156 389
156 390
156 400
156 417
156 420
156 455
156 456
156 461
156 463
156 496
156 502
156 508
157 159
157 161
157 171
157 179
157 181
157 191
157 193
157 195
157 210
157 216
157 269
157 285
157 286
157 287
157 289
157 296
157 308
157 313
157 321
157 323
157 326
157 333
157 339
157 345
157 368
157 375
157 381
157 384
157 387
157 389
157 394
157 409
157 410
157 415
157 422
157 427
157 430
157 437
157 439
157 462
157 477
157 487
157 490
157 509
158 164
158 170
158 171
158 180
158 194
158 203
158 205
158 209
158 216
158 242
158 247
158 274
158 303
158 323
158 340
158 350
158 364
158 381
158 393
158 395
158 406
158 414
158 431
158 432
158 434
158 435
158 453
158 463
158 489
158 490
158 493
158 494
159 162
159 165
159 267
159 296
159 298
159 303
159 309
159 310
159 326
159 329
159 337
159 340
159 348
159 349
159 350
159 368
159 371
159 379
159 383
159 391
159 399
159 411
159 413
159 415
159 416
159 428
159 453
159 456
159 457
159 465
159 484
159 494
159 503
160 163
160 164
160 175
160 185
160 193
160 197
160 209
160 215
160 220
160 228
160 230
160 235
160 237
160 244
160 258
160 260
160 264
160 278
160 283
160 286
160 289
160 295
160 308
160 349
160 354
160 355
160 361
160 365
160 366
160 371
160 372
160 390
160 426
160 437
160 481
160 486
160 489
161 196
161 206
161 218
161 228
161 242
161 261
161 272
161 273
161 276
161 277
161 280
161 283
161 288
161 293
161 294
161 302
161 307
161 309
161 328
161 329
161 332
161 347
161 359
161 367
161 383
161 386
161 390
161 413
161 447
161 454
161 461
161 471
161 487
161 492
162 171
162 175
162 180
162 187
162 197
162 201
162 215
162 223
162 238
162 247
162 251
162 264
162 267
162 269
162 277
162 281
162 295
162 333
162 396
162 405
162 406
162 407
162 408
162 410
162 415
162 437
162 448
162 474
162 479
162 498
162 503
162 506
163 170
163 177
163 188
163 191
163 207
163 210
163 215
163 224
163 230
163 238
163 252
163 289
163 297
163 302
163 310
163 327
163 332
163 356
163 371
163 372
163 373
163 378
163 386
163 409
163 410
163 414
163 434
163 438
163 447
163 452
163 456
163 458
163 477
163 482
163 485
163 501
163 502
163 511
164 166
164 172
164 210
164 214
164 244
164 302
164 318
164 320
164 323
164 330
164 336
164 368
164 375
164 392
164 394
164 396
164 406
164 410
164 418
164 428
164 440
164 443
164 451
164 457
164 471
164 484
164 485
164 499
164 507
165 166
165 176
165 186
165 206
165 212
165 215
165 218
165 226
165 231
165 238
165 240
165 261
165 272
165 273
165 291
165 308
165 309
165 313
165 321
165 346
165 348
165 359
165 364
165 367
165 371
165 376
165 379
165 382
165 390
165 404
165 414
165 447
165 458
165 497
166 169
166 180
166 181
166 186
166 189
166 193
166 197
166 209
166 213
166 223
166 227
166 242
166 246
166 248
166 278
166 283
166 291
166 292
166 294
166 295
166 297
166 303
166 331
166 335
166 348
166 362
166 369
166 393
166 395
166 398
166 401
166 421
166 449
166 451
166 453
166 462
166 465
166 468
166 474
166 488
166 491
166 493
166 505
167 194
167 201
167 216
167 219
167 248
167 249
167 256
167 262
167 265
167 283
167 328
167 329
167 331
167 344
167 356
167 361
167 362
167 364
167 366
167 367
167 377
167 413
167 419
167 436
167 477
167 485
167 490
167 510
168 189
168 191
168 206
168 240
168 247
168 255
168 257
168 263
168 270
168 276
168 324
168 348
168 356
168 392
168 398
168 402
168 404
168 405
168 406
168 422
168 449
168 457
168 458
168 472
168 477
168 482
168 494
168 500
169 174
169 191
169 199
169 200
169 201
169 216
169 220
169 237
169 242
169 246
169 253
169 272
169 273
169 285
169 291
169 295
169 313
169 317
169 324
169 342
169 358
169 368
169 375
169 389
169 405
169 417
169 421
169 432
169 439
169 440
169 441
169 451
169 454
169 461
169 464
169 479
169 495
169 510
170 197
170 204
170 212
170 214
170 241
170 248
170 259
170 262
170 279
170 290
170 293
170 297
170 309
170 329
170 332
170 341
170 378
170 395
170 398
170 407
170 420
170 458
170 467
170 470
170 475
170 486
170 488
170 495
171 179
171 193
171 210
171 213
171 237
171 242
171 243
171 253
171 259
171 265
171 273
171 275
171 295
171 301
171 306
171 312
171 348
171 361
171 368
171 372
171 375
171 376
171 379
171 383
171 394
171 416
171 417
171 420
171 436
171 447
171 450
171 454
171 458
171 463
171 469
171 495
171 496
172 176
172 186
172 211
172 223
172 226
172 237
172 250
172 252
172 255
172 257
172 269
172 270
172 277
172 281
172 284
172 287
172 288
172 304
172 317
172 320
172 323
172 340
172 349
172 353
172 355
172 368
172 369
172 377
172 395
172 398
172 418
172 435
172 464
172 465
172 471
172 495
172 511
173 177
173 182
173 191
173 194
173 205
173 215
173 227
173 238
173 262
173 267
173 277
173 290
173 299
173 302
173 312
173 313
173 336
173 342
173 344
173 349
173 353
173 370
173 373
173 383
173 398
173 401
173 407
173 428
173 444
173 450
173 451
173 452
173 461
173 462
173 469
173 475
173 483
173 485
173 502
173 504
174 177
174 183
174 189
174 196
174 213
174 247
174 254
174 287
174 289
174 295
174 296
174 300
174 311
174 315
174 316
174 323
174 355
174 368
174 385
174 400
174 408
174 416
174 423
174 433
174 435
174 442
174 446
174 457
174 469
174 488
174 489
174 493
174 511
175 178
175 187
175 191
175 201
175 205
175 207
175 222
175 242
175 259
175 285
175 293
175 296
175 300
175 303
175 304
175 306
175 347
175 360
175 395
175 410
175 413
175 440
175 453
175 474
175 475
175 477
175 487
175 498
176 179
176 190
176 193
176 203
176 208
176 216
176 217
176 224
176 229
176 237
176 240
176 245
176 247
176 248
176 260
176 274
176 278
176 282
176 286
176 302
176 305
176 330
176 333
176 338
176 339
176 350
176 384
176 385
176 389
176 390
176 393
176 412
176 421
176 436
176 442
176 483
176 484
176 485
176 491
176 512
177 195
177 199
177 204
177 217
177 219
177 228
177 229
177 244
177 245
177 250
177 260
177 274
177 277
177 287
177 297
177 308
177 315
177 316
177 333
177 337
177 338
177 370
177 372
177 378
177 389
177 392
177 396
177 409
177 419
177 422
177 424
177 435
177 455
177 458
177 494
177 495
177 496
177 500
177 503
177 504
177 505
178 183
178 188
178 198
178 203
178 217
178 229
178 255
178 258
178 281
178 301
178 314
178 321
178 323
178 334
178 351
178 363
178 372
178 402
178 406
178 417
178 455
178 456
178 460
178 462
178 479
178 482
178 487
178 509
178 510
179 222
179 228
179 251
179 263
179 264
179 287
179 296
179 305
179 307
179 310
179 316
179 318
179 326
179 361
179 369
179 377
179 379
179 381
179 391
179 398
179 414
179 418
179 420
179 450
179 468
179 482
179 483
179 493
179 497
179 511
180 183
180 189
180 205
180 229
180 240
180 244
180 257
180 258
180 260
180 266
180 285
180 301
180 310
180 313
180 318
180 331
180 353
180 383
180 388
180 401
180 438
180 460
180 476
180 489
181 211
181 220
181 226
181 233
181 235
181 248
181 261
181 273
181 300
181 305
181 315
181 317
181 322
181 325
181 333
181 342
181 349
181 352
181 354
181 357
181 368
181 377
181 388
181 399
181 408
181 417
181 418
181 419
181 420
181 427
181 435
181 437
181 441
181 449
181 454
181 456
181 474
181 475
181 479
181 498
181 503
182 201
182 207
182 224
182 236
182 274
182 275
182 276
182 277
182 283
182 300
182 307
182 308
182 318
182 321
182 332
182 336
182 337
182 353
182 355
182 364
182 373
182 380
182 383
182 384
182 394
182 396
182 423
182 436
182 451
182 466
182 476
182 489
182 491
182 495
182 508
183 186
183 201
183 213
183 214
183 220
183 249
183 252
183 261
183 262
183 269
183 293
183 311
183 320
183 329
183 334
183 335
183 346
183 349
183 360
183 368
183 374
183 377
183 385
183 393
183 395
183 396
183 409
183 410
183 420
183 460
183 468
183 478
183 488
183 490
184 208
184 226
184 236
184 267
184 276
184 297
184 298
184 308
184 317
184 329
184 332
184 336
184 360
184 381
184 387
184 389
184 402
184 408
184 418
184 440
184 494
184 495
184 506
185 187
185 190
185 191
185 196
185 201
185 209
185 232
185 276
185 290
185 292
185 322
185 325
185 332
185 337
185 346
185 353
185 362
185 383
185 395
185 399
185 405
185 407
185 409
185 429
185 433
185 449
185 451
185 468
185 479
185 486
185 493
185 494
185 495
185 496
185 502
185 507
186 197
186 201
186 214
186 216
186 223
186 225
186 228
186 231
186 251
186 255
186 282
186 284
186 309
186 310
186 311
186 324
186 327
186 353
186 392
186 404
186 425
186 447
186 451
186 459
186 474
186 483
186 489
186 491
186 493
186 495
186 503
187 190
187 199
187 210
187 211
187 231
187 237
187 244
187 246
187 247
187 250
187 252
187 290
187 291
187 312
187 321
187 334
187 338
187 363
187 365
187 370
187 372
187 376
187 385
187 405
187 411
187 419
187 429
187 446
187 454
187 460
187 472
187 477
187 493
187 494
187 512
188 197
188 206
188 215
188 223
188 225
188 235
188 238
188 250
188 267
188 272
188 291
188 296
188 299
188 303
188 347
188 374
188 385
188 395
188 408
188 439
188 440
188 442
188 450
188 452
188 453
188 455
188 485
188 486
188 492
188 506
189 193
189 211
189 218
189 221
189 250
189 251
189 273
189 276
189 287
189 291
189 302
189 309
189 315
189 322
189 333
189 336
189 338
189 340
189 348
189 365
189 370
189 371
189 379
189 380
189 383
189 391
189 403
189 407
189 409
189 417
189 420
189 426
189 430
189 441
189 451
189 455
189 458
189 488
189 490
189 492
189 494
189 498
190 212
190 214
190 222
190 227
190 235
190 249
190 264
190 265
190 270
190 271
190 290
190 303
190 327
190 352
190 353
190 354
190 363
190 372
190 375
190 383
190 392
190 395
190 397
190 449
190 455
190 463
190 468
190 477
190 488
190 507
190 508
190 511
191 209
191 221
191 226
191 233
191 238
191 248
191 252
191 259
191 261
191 264
191 265
191 269
191 281
191 297
191 300
191 305
191 323
191 329
191 351
191 358
191 365
191 366
191 377
191 380
191 406
191 408
191 440
191 441
191 456
191 460
191 469
191 474
191 480
191 486
191 507
192 203
192 209
192 226
192 237
192 243
192 249
192 262
192 267
192 293
192 295
192 296
192 297
192 330
192 336
192 351
192 352
192 357
192 374
192 375
192 380
192 381
192 382
192 384
192 393
192 401
192 403
192 416
192 432
192 461
192 466
192 487
192 493
192 502
192 511
193 200
193 216
193 225
193 240
193 250
193 256
193 279
193 292
193 307
193 313
193 314
193 319
193 321
193 334
193 342
193 343
193 377
193 386
193 389
193 391
193 394
193 402
193 416
193 432
193 442
193 443
193 467
193 468
193 476
194 208
194 216
194 248
194 253
194 257
194 272
194 273
194 275
194 280
194 294
194 300
194 315
194 316
194 326
194 329
194 330
194 332
194 341
194 343
194 349
194 354
194 363
194 378
194 390
194 403
194 405
194 406
194 408
194 409
194 421
194 425
194 426
194 433
194 443
194 445
194 460
194 467
194 485
194 495
195 211
195 224
195 228
195 235
195 251
195 253
195 262
195 285
195 289
195 312
195 313
195 327
195 332
195 336
195 364
195 392
195 394
195 397
195 403
195 404
195 405
195 415
195 424
195 438
195 456
195 481
195 494
195 504
195 506
196 231
196 252
196 266
196 280
196 285
196 290
196 310
196 312
196 318
196 362
196 363
196 377
196 380
196 381
196 385
196 397
196 424
196 432
196 442
196 446
196 449
196 464
196 477
196 500
196 507
197 198
197 199
197 209
197 211
197 214
197 230
197 231
197 233
197 247
197 249
197 259
197 270
197 277
197 283
197 298
197 299
197 303
197 306
197 332
197 333
197 343
197 347
197 348
197 352
197 363
197 364
197 367
197 386
197 390
197 398
197 409
197 415
197 428
197 429
197 433
197 434
197 439
197 450
197 457
197 459
197 460
197 468
197 469
197 470
197 478
197 494
197 506
197 510
197 511
198 214
198 222
198 256
198 258
198 260
198 265
198 275
198 280
198 292
198 299
198 310
198 333
198 335
198 339
198 342
198 346
198 347
198 368
198 378
198 382
198 386
198 435
198 445
198 455
198 456
198 458
198 471
198 486
198 490
198 507
198 508
198 510
198 511
199 201
199 220
199 221
199 229
199 235
199 242
199 251
199 253
199 286
199 294
199 298
199 347
199 369
199 375
199 378
199 385
199 444
199 476
199 478
199 480
199 488
199 494
199 505
199 507
200 211
200 212
200 219
200 224
200 228
200 232
200 238
200 260
200 281
200 322
200 332
200 347
200 374
200 391
200 409
200 425
200 426
200 428
200 429
200 443
200 465
200 478
200 484
200 494
200 498
200 500
200 506
200 510
200 511
201 210
201 239
201 250
201 252
201 253
201 275
201 282
201 289
201 292
201 317
201 320
201 322
201 336
201 344
201 351
201 380
201 383
201 391
201 394
201 410
201 411
201 435
201 438
201 445
201 451
201 458
201 473
201 477
201 482
201 489
201 508
202 213
202 247
202 249
202 256
202 257
202 264
202 269
202 275
202 287
202 318
202 328
202 333
202 339
202 344
202 354
202 378
202 387
202 392
202 394
202 400
202 405
202 409
202 422
202 425
202 428
202 454
202 462
202 467
202 474
202 498
202 505
202 512
203 205
203 226
203 239
203 246
203 250
203 272
203 285
203 314
203 329
203 330
203 332
203 351
203 357
203 359
203 373
203 386
203 391
203 425
203 439
203 446
203 449
203 453
203 454
203 470
203 489
203 493
203 496
203 506
203 511
204 205
204 212
204 215
204 219
204 221
204 222
204 229
204 236
204 243
204 266
204 273
204 278
204 288
204 296
204 313
204 317
204 340
204 341
204 375
204 379
204 388
204 400
204 403
204 407
204 445
204 448
204 459
204 474
204 494
205 214
205 230
205 233
205 243
205 246
205 251
205 260
205 281
205 290
205 304
205 309
205 315
205 331
205 335
205 337
205 338
205 341
205 361
205 379
205 380
205 383
205 386
205 397
205 408
205 410
205 417
205 429
205 433
205 455
205 462
205 481
205 508
205 510
206 227
206 229
206 239
206 250
206 255
206 258
206 263
206 267
206 271
206 275
206 278
206 280
206 295
206 315
206 329
206 333
206 336
206 338
206 350
206 357
206 362
206 368
206 371
206 391
206 394
206 398
206 402
206 420
206 421
206 422
206 426
206 435
206 440
206 441
206 444
206 450
206 456
206 458
206 471
206 474
207 216
207 220
207 222
207 223
207 227
207 235
207 289
207 294
207 297
207 306
207 323
207 345
207 365
207 387
207 388
207 396
207 413
207 418
207 423
207 432
207 433
207 438
207 444
207 450
207 460
207 461
207 465
207 466
207 481
207 502
207 507
207 511
207 512
208 211
208 213
208 218
208 246
208 248
208 251
208 256
208 264
208 272
208 289
208 301
208 309
208 311
208 314
208 389
208 400
208 417
208 435
208 447
208 465
208 468
208 475
208 483
208 485
208 498
208 499
208 506
208 510
209 220
209 227
209 250
209 266
209 283
209 295
209 307
209 312
209 313
209 318
209 337
209 338
209 345
209 393
209 398
209 406
209 408
209 409
209 412
209 418
209 425
209 437
209 453
209 462
209 467
209 479
210 227
210 242
210 251
210 266
210 270
210 287
210 298
210 313
210 317
210 347
210 360
210 368
210 372
210 373
210 401
210 418
210 434
210 445
210 453
210 465
210 467
210 472
210 497
210 498
211 212
211 245
211 252
211 260
211 268
211 270
211 275
211 281
211 282
211 283
211 291
211 295
211 308
211 315
211 325
211 332
211 333
211 357
211 392
211 397
211 405
211 411
211 414
211 417
211 418
211 421
211 428
211 435
211 437
211 457
211 458
211 459
211 495
211 501
211 512
212 216
212 233
212 235
212 248
212 290
212 311
212 315
212 319
212 357
212 364
212 378
212 382
212 396
212 404
212 416
212 420
212 442
212 443
212 460
212 485
212 493
212 507
213 216
213 245
213 247
213 279
213 301
213 322
213 324
213 325
213 335
213 339
213 351
213 352
213 357
213 371
213 380
213 382
213 387
213 391
213 399
213 407
213 408
213 415
213 416
213 417
213 419
213 449
213 465
213 474
213 485
213 497
213 499
213 504
214 225
214 230
214 237
214 245
214 249
214 251
214 254
214 259
214 320
214 328
214 338
214 343
214 346
214 354
214 355
214 356
214 361
214 368
214 388
214 399
214 405
214 413
214 417
214 450
214 489
214 494
214 495
214 500
214 508
215 225
215 246
215 260
215 281
215 285
215 287
215 294
215 299
215 300
215 308
215 329
215 330
215 333
215 338
215 361
215 362
215 365
215 379
215 402
215 407
215 425
215 438
215 440
215 441
215 451
215 452
215 453
215 456
215 487
215 491
215 500
215 509
216 231
216 236
216 239
216 242
216 260
216 262
216 267
216 300
216 302
216 309
216 310
216 313
216 319
216 322
216 323
216 326
216 340
216 349
216 351
216 358
216 363
216 372
216 382
216 404
216 412
216 431
216 446
216 448
216 451
216 465
216 478
217 240
217 241
217 245
217 250
217 255
217 256
217 260
217 261
217 306
217 330
217 346
217 358
217 370
217 373
217 415
217 427
217 430
217 451
217 456
217 463
217 473
217 493
217 500
217 501
218 253
218 258
218 259
218 268
218 282
218 286
218 287
218 299
218 304
218 308
218 311
218 319
218 337
218 339
218 372
218 379
218 394
218 402
218 407
218 418
218 425
218 428
218 434
218 455
218 487
218 491
218 497
218 498
218 500
219 226
219 228
219 237
219 238
219 247
219 249
219 255
219 259
219 263
219 276
219 279
219 281
219 300
219 302
219 305
219 316
219 349
219 353
219 356
219 383
219 388
219 400
219 415
219 426
219 432
219 438
219 439
219 446
219 448
219 459
219 485
219 506
219 510
220 221
220 242
220 245
220 250
220 254
220 265
220 269
220 277
220 282
220 285
220 310
220 312
220 314
220 358
220 366
220 371
220 401
220 402
220 403
220 406
220 408
220 414
220 415
220 448
220 456
220 465
220 473
220 479
220 484
220 504
220 506
220 510
221 245
221 290
221 298
221 301
221 307
221 313
221 318
221 343
221 374
221 388
221 392
221 412
221 416
221 422
221 425
221 426
221 437
221 438
221 440
221 441
221 443
221 452
221 455
221 457
221 476
221 483
221 489
221 492
221 504
221 510
222 228
222 235
222 237
222 266
222 278
222 303
222 313
222 318
222 330
222 332
222 343
222 370
222 375
222 391
222 398
222 406
222 412
222 416
222 419
222 434
222 442
222 448
222 450
222 461
222 471
222 483
222 487
222 489
222 491
222 505
223 236
223 239
223 240
223 252
223 258
223 287
223 289
223 303
223 316
223 321
223 323
223 334
223 348
223 349
223 350
223 355
223 356
223 377
223 381
223 400
223 414
223 418
223 425
223 441
223 445
223 458
223 466
223 467
223 475
223 478
223 486
223 491
223 495
223 500
224 226
224 233
224 245
224 259
224 262
224 264
224 265
224 280
224 286
224 295
224 299
224 306
224 316
224 318
224 326
224 331
224 341
224 360
224 374
224 388
224 398
224 456
224 463
224 467
224 471
224 474
224 497
224 498
225 228
225 249
225 291
225 302
225 305
225 309
225 312
225 330
225 332
225 333
225 336
225 337
225 348
225 354
225 362
225 376
225 392
225 407
225 419
225 431
225 455
225 473
225 496
226 241
226 243
226 246
226 248
226 252
226 254
226 264
226 275
226 324
226 325
226 340
226 341
226 354
226 356
226 361
226 392
226 398
226 402
226 409
226 437
226 466
226 473
226 484
227 249
227 260
227 263
227 264
227 266
227 279
227 292
227 307
227 315
227 321
227 326
227 358
227 361
227 370
227 406
227 409
227 412
227 415
227 425
227 447
227 448
227 474
227 490
227 498
227 506
228 232
228 233
228 234
228 257
228 264
228 275
228 304
228 312
228 347
228 349
228 354
228 358
228 360
228 383
228 388
228 412
228 414
228 445
228 447
228 454
228 469
228 476
228 497
229 235
229 248
229 252
229 287
229 315
229 317
229 333
229 341
229 349
229 353
229 364
229 373
229 377
229 390
229 414
229 419
229 423
229 426
229 438
229 443
229 447
229 450
229 463
229 478
229 506
230 232
230 268
230 299
230 320
230 336
230 341
230 345
230 359
230 363
230 365
230 370
230 387
230 399
230 412
230 413
230 420
230 432
230 433
230 436
230 443
230 452
230 454
230 455
230 456
230 462
230 463
230 483
230 485
230 489
230 493
230 496
230 500
230 510
231 239
231 242
231 248
231 254
231 270
231 274
231 282
231 300
231 316
231 321
231 330
231 346
231 359
231 388
231 390
231 391
231 398
231 429
231 435
231 437
231 439
231 443
231 449
231 453
231 468
231 473
231 475
231 481
231 496
231 498
232 234
232 242
232 243
232 255
232 257
232 263
232 264
232 277
232 278
232 283
232 286
232 290
232 305
232 310
232 315
232 320
232 326
232 329
232 331
232 334
232 347
232 354
232 367
232 371
232 375
232 379
232 386
232 397
232 427
232 432
232 443
232 450
233 237
233 244
233 252
233 266
233 269
233 286
233 315
233 317
233 321
233 330
233 339
233 341
233 342
233 346
233 350
233 362
233 374
233 390
233 402
233 418
233 422
233 434
233 439
233 445
233 451
233 454
233 471
233 488
233 495
233 500
233 503
234 242
234 269
234 273
234 279
234 299
234 323
234 326
234 328
234 329
234 333
234 355
234 362
234 368
234 373
234 377
234 389
234 402
234 409
234 422
234 435
234 453
234 460
234 478
234 487
234 490
234 496
234 499
235 241
235 249
235 255
235 262
235 266
235 285
235 290
235 301
235 308
235 314
235 319
235 321
235 359
235 364
235 373
235 375
235 387
235 398
235 410
235 413
235 447
235 448
235 471
235 478
235 497
235 503
236 239
236 240
236 266
236 270
236 271
236 275
236 281
236 302
236 304
236 308
236 312
236 316
236 321
236 329
236 336
236 342
236 354
236 355
236 360
236 413
236 422
236 426
236 428
236 435
236 443
236 448
236 458
236 461
236 476
236 485
236 489
236 499
237 238
237 240
237 250
237 261
237 279
237 289
237 295
237 297
237 298
237 312
237 339
237 341
237 345
237 366
237 367
237 371
237 377
237 381
237 406
237 411
237 423
237 430
237 438
237 464
237 466
237 470
237 486
237 507
237 508
237 510
237 512
238 257
238 266
238 273
238 280
238 290
238 296
238 301
238 303
238 306
238 331
238 335
238 338
238 343
238 354
238 364
238 367
238 368
238 375
238 381
238 383
238 386
238 387
238 393
238 403
238 410
238 415
238 419
238 428
238 429
238 443
238 457
238 463
238 470
238 479
238 486
238 507
239 255
239 258
239 292
239 294
239 301
239 303
239 323
239 329
239 337
239 352
239 360
239 378
239 380
239 406
239 431
239 447
239 464
239 471
239 484
239 490
239 508
240 263
240 270
240 293
240 314
240 325
240 343
240 369
240 382
240 389
240 396
240 399
240 407
240 410
240 412
240 419
240 430
240 436
240 448
240 454
240 456
240 479
240 484
240 487
240 495
240 499
240 500
241 244
241 246
241 250
241 255
241 259
241 266
241 282
241 293
241 303
241 308
241 313
241 324
241 341
241 342
241 353
241 363
241 366
241 377
241 384
241 391
241 414
241 425
241 426
241 427
241 430
241 434
241 440
241 442
241 451
241 489
241 503
241 504
241 512
242 257
242 276
242 287
242 291
242 314
242 316
242 325
242 348
242 365
242 368
242 375
242 379
242 384
242 387
242 411
242 415
242 418
242 421
242 425
242 433
242 435
242 450
242 461
242 480
242 481
243 245
243 246
243 266
243 270
243 281
243 283
243 295
243 307
243 347
243 374
243 387
243 392
243 395
243 396
243 400
243 408
243 415
243 423
243 445
243 460
243 481
243 490
243 492
243 498
244 248
244 264
244 272
244 278
244 291
244 299
244 302
244 310
244 317
244 320
244 334
244 342
244 343
244 353
244 354
244 356
244 368
244 369
244 373
244 390
244 391
244 404
244 408
244 418
244 420
244 476
244 496
244 499
244 501
244 512
245 246
245 255
245 256
245 273
245 274
245 301
245 307
245 321
245 328
245 340
245 347
245 364
245 376
245 383
245 385
245 411
245 412
245 421
245 434
245 441
245 448
245 453
245 458
245 460
245 463
245 481
245 491
245 498
245 504
245 507
245 512
246 250
246 257
246 270
246 273
246 276
246 297
246 300
246 307
246 336
246 342
246 366
246 411
246 419
246 426
246 433
246 439
246 440
246 449
246 471
246 472
246 480
246 497
246 503
246 506
247 254
247 258
247 266
247 269
247 270
247 284
247 287
247 300
247 326
247 331
247 337
247 348
247 364
247 373
247 377
247 382
247 383
247 392
247 398
247 418
247 432
247 434
247 449
247 450
247 469
247 478
247 482
247 489
247 493
247 496
248 250
248 267
248 290
248 301
248 305
248 327
248 349
248 350
248 363
248 371
248 377
248 409
248 459
248 467
248 486
248 488
248 508
249 250
249 252
249 281
249 295
249 302
249 318
249 320
249 323
249 351
249 379
249 387
249 391
249 394
249 400
249 413
249 416
249 426
249 445
249 446
249 476
249 478
249 490
249 503
249 506
250 259
250 263
250 268
250 281
250 284
250 285
250 288
250 292
250 295
250 304
250 309
250 329
250 337
250 353
250 354
250 361
250 371
250 373
250 374
250 380
250 395
250 410
250 411
250 422
250 450
250 471
250 475
250 485
250 493
250 497
250 503
250 510
251 274
251 293
251 294
251 295
251 302
251 309
251 325
251 345
251 352
251 362
251 365
251 379
251 404
251 438
251 439
251 470
251 484
251 498
251 501
252 281
252 284
252 317
252 319
252 323
252 325
252 328
252 336
252 337
252 344
252 345
252 356
252 358
252 390
252 402
252 408
252 415
252 417
252 430
252 452
252 453
252 465
252 474
252 498
252 509
253 256
253 257
253 273
253 276
253 277
253 283
253 294
253 299
253 300
253 307
253 316
253 333
253 335
253 357
253 359
253 361
253 372
253 374
253 376
253 396
253 406
253 410
253 422
253 423
253 425
253 449
253 452
253 454
253 471
253 480
253 493
253 501
253 502
254 275
254 284
254 291
254 313
254 321
254 339
254 396
254 401
254 406
254 452
254 459
254 472
254 479
254 480
254 484
254 498
254 505
254 509
254 511
255 266
255 297
255 302
255 328
255 338
255 349
255 359
255 361
255 368
255 370
255 380
255 404
255 406
255 413
255 417
255 440
255 454
255 457
255 461
255 474
255 478
255 482
255 494
255 496
255 504
256 268
256 270
256 271
256 284
256 298
256 320
256 324
256 339
256 366
256 369
256 382
256 389
256 391
256 393
256 416
256 425
256 427
256 430
256 447
256 456
256 470
256 472
256 478
256 493
256 506
256 512
257 258
257 275
257 276
257 281
257 292
257 323
257 328
257 331
257 338
257 371
257 373
257 381
257 385
257 416
257 424
257 434
257 449
257 468
257 481
257 487
257 509
258 262
258 278
258 284
258 294
258 299
258 303
258 305
258 328
258 336
258 351
258 363
258 373
258 375
258 398
258 406
258 409
258 415
258 420
258 421
258 432
258 434
258 455
258 464
258 485
258 500
258 508
259 260
259 274
259 282
259 328
259 331
259 334
259 350
259 352
259 358
259 376
259 387
259 427
259 430
259 448
259 455
259 458
259 462
259 499
259 502
259 504
260 263
260 268
260 282
260 292
260 296
260 313
260 314
260 326
260 327
260 336
260 342
260 343
260 347
260 358
260 362
260 366
260 370
260 377
260 383
260 426
260 430
260 431
260 436
260 437
260 440
260 472
260 473
260 482
260 487
260 510
261 266
261 270
261 279
261 291
261 294
261 300
261 304
261 305
261 307
261 311
261 317
261 319
261 332
261 343
261 344
261 347
261 355
261 365
261 382
261 414
261 437
261 439
261 452
261 465
261 471
261 481
261 484
261 497
261 508
261 510
262 264
262 266
262 286
262 293
262 295
262 296
262 327
262 337
262 343
262 345
262 350
262 430
262 433
262 440
262 449
262 464
262 470
262 472
262 485
262 502
262 510
263 268
263 269
263 271
263 283
263 310
263 311
263 312
263 323
263 328
263 336
263 343
263 352
263 365
263 370
263 372
263 380
263 393
263 401
263 403
263 415
263 418
263 423
263 434
263 442
263 450
263 456
263 462
263 464
263 469
263 485
263 487
263 503
264 267
264 292
264 300
264 321
264 334
264 342
264 348
264 369
264 374
264 382
264 394
264 411
264 421
264 422
264 426
264 467
264 491
264 500
264 501
264 505
265 269
265 283
265 288
265 310
265 315
265 329
265 335
265 352
265 364
265 369
265 383
265 389
265 396
265 400
265 404
265 408
265 413
265 427
265 438
265 452
265 455
265 458
265 459
265 468
265 492
265 507
266 334
266 364
266 379
266 388
266 390
266 395
266 397
266 408
266 417
266 422
266 423
266 455
266 466
266 469
266 471
266 476
266 483
266 489
266 492
266 495
266 497
267 270
267 294
267 332
267 333
267 346
267 351
267 354
267 355
267 361
267 372
267 375
267 428
267 429
267 445
267 448
267 449
267 475
267 487
267 504
268 287
268 289
268 302
268 307
268 319
268 324
268 325
268 326
268 335
268 337
268 340
268 341
268 346
268 354
268 356
268 360
268 374
268 375
268 381
268 382
268 383
268 401
268 425
268 427
268 447
268 458
268 459
268 484
268 492
268 495
269 272
269 280
269 287
269 289
269 293
269 294
269 318
269 326
269 359
269 360
269 374
269 396
269 400
269 406
269 408
269 411
269 412
269 441
269 443
269 476
270 279
270 282
270 283
270 291
270 294
270 310
270 313
270 321
270 328
270 330
270 340
270 348
270 374
270 400
270 408
270 411
270 430
270 446
270 447
270 465
270 469
270 475
270 510
271 287
271 326
271 327
271 335
271 383
271 398
271 415
271 456
271 461
271 476
271 479
271 496
271 499
271 511
272 277
272 280
272 296
272 341
272 348
272 352
272 353
272 362
272 367
272 368
272 373
272 403
272 430
272 437
272 459
272 480
272 490
273 275
273 281
273 296
273 301
273 307
273 312
273 318
273 335
273 356
273 388
273 399
273 412
273 413
273 414
273 427
273 435
273 458
273 475
273 478
273 484
273 491
273 495
273 499
274 293
274 296
274 319
274 326
274 342
274 349
274 351
274 355
274 358
274 362
274 396
274 411
274 412
274 442
274 455
274 457
274 458
274 478
274 481
274 488
274 489
274 491
274 502
274 503
274 507
275 290
275 293
275 295
275 321
275 330
275 341
275 350
275 399
275 400
275 410
275 419
275 430
275 446
275 448
275 451
275 459
275 473
275 483
275 487
275 496
275 500
276 278
276 313
276 321
276 351
276 352
276 359
276 362
276 363
276 364
276 366
276 388
276 389
276 401
276 409
276 411
276 412
276 417
276 425
276 430
276 446
276 465
276 478
276 492
276 496
276 498
276 505
276 508
277 283
277 292
277 305
277 317
277 326
277 335
277 344
277 346
277 357
277 359
277 363
277 364
277 368
277 371
277 385
277 436
277 437
277 445
277 461
277 466
277 471
277 495
277 501
277 503
277 507
278 281
278 294
278 314
278 332
278 336
278 348
278 353
278 355
278 363
278 371
278 404
278 410
278 411
278 414
278 421
278 432
278 434
278 438
278 442
278 457
278 511
279 286
279 289
279 292
279 293
279 295
279 296
279 297
279 299
279 310
279 353
279 357
279 371
279 378
279 384
279 405
279 408
279 411
279 418
279 431
279 435
279 437
279 490
279 507
280 285
280 300
280 314
280 321
280 347
280 362
280 379
280 384
280 385
280 407
280 414
280 424
280 427
280 428
280 431
280 432
280 445
280 493
280 498
280 505
280 506
280 508
281 332
281 355
281 361
281 367
281 368
281 380
281 393
281 403
281 406
281 407
281 415
281 417
281 429
281 430
281 461
281 470
281 475
281 482
281 483
281 485
281 488
281 490
281 495
281 504
282 301
282 307
282 357
282 359
282 377
282 385
282 391
282 408
282 412
282 417
282 421
282 422
282 440
282 462
282 469
282 481
282 488
283 287
283 304
283 325
283 338
283 348
283 351
283 358
283 360
283 365
283 380
283 396
283 399
283 407
283 414
283 419
283 424
283 430
283 467
283 472
283 478
283 479
283 486
283 490
283 500
284 286
284 296
284 310
284 311
284 326
284 327
284 357
284 368
284 391
284 392
284 410
284 415
284 422
284 432
284 439
284 454
284 484
284 498
284 502
285 294
285 296
285 300
285 309
285 311
285 352
285 365
285 369
285 372
285 409
285 419
285 423
285 431
285 445
285 451
285 468
285 476
285 492
285 493
285 496
286 302
286 308
286 310
286 320
286 353
286 400
286 415
286 424
286 429
286 451
286 454
286 461
286 468
286 469
286 485
286 491
286 505
286 511
287 289
287 298
287 307
287 311
287 315
287 319
287 324
287 366
287 369
287 382
287 408
287 413
287 425
287 430
287 433
287 438
287 442
287 449
287 464
287 467
287 471
287 477
287 480
287 506
287 508
287 511
287 512
288 297
288 305
288 307
288 311
288 321
288 349
288 367
288 371
288 375
288 381
288 405
288 412
288 421
288 438
288 441
288 442
288 483
288 484
288 485
288 490
288 506
289 290
289 293
289 305
289 325
289 327
289 339
289 342
289 348
289 359
289 361
289 365
289 368
289 372
289 393
289 397
289 405
289 406
289 427
289 430
289 438
289 440
289 444
289 445
289 449
289 472
289 475
289 479
289 494
289 500
289 501
289 504
289 506
289 509
290 294
290 322
290 327
290 330
290 334
290 337
290 364
290 372
290 385
290 393
290 397
290 403
290 411
290 444
290 458
290 469
290 489
290 501
291 300
291 309
291 310
291 331
291 341
291 346
291 348
291 351
291 362
291 365
291 366
291 389
291 391
291 400
291 406
291 408
291 412
291 421
291 425
291 429
291 441
291 452
291 461
291 466
291 507
291 508
291 510
292 315
292 317
292 331
292 335
292 338
292 361
292 364
292 375
292 394
292 433
292 446
292 460
292 486
292 496
292 502
293 297
293 298
293 304
293 326
293 329
293 337
293 343
293 369
293 378
293 379
293 384
293 392
293 405
293 429
293 434
293 438
293 443
293 462
293 463
293 482
293 485
293 495
294 308
294 312
294 326
294 355
294 367
294 378
294 380
294 388
294 411
294 417
294 446
294 449
294 462
294 468
294 475
294 483
294 492
294 495
294 506
295 313
295 324
295 327
295 340
295 344
295 346
295 350
295 356
295 392
295 393
295 418
295 419
295 423
295 429
295 431
295 441
295 449
295 461
295 462
295 471
295 483
295 501
295 503
296 305
296 313
296 330
296 339
296 355
296 363
296 364
296 366
296 388
296 450
296 476
296 479
296 480
296 485
296 488
297 304
297 307
297 310
297 311
297 325
297 327
297 339
297 349
297 362
297 382
297 406
297 409
297 412
297 424
297 442
297 449
297 457
297 468
297 483
297 488
297 502
298 308
298 323
298 333
298 338
298 339
298 349
298 382
298 389
298 402
298 410
298 413
298 450
298 452
298 457
298 464
298 476
298 481
298 488
298 497
298 505
298 512
299 302
299 304
299 305
299 312
299 321
299 330
299 334
299 361
299 388
299 392
299 408
299 421
299 425
299 433
299 437
299 451
299 454
299 459
299 464
299 467
299 476
299 483
299 484
299 500
300 302
300 310
300 319
300 329
300 334
300 355
300 395
300 403
300 410
300 413
300 432
300 470
300 500
300 504
301 311
301 321
301 330
301 332
301 360
301 375
301 380
301 395
301 411
301 415
301 422
301 428
301 432
301 456
301 458
301 477
301 480
301 484
301 512
302 309
302 326
302 329
302 344
302 351
302 356
302 360
302 369
302 382
302 384
302 394
302 397
302 421
302 429
302 430
302 446
302 451
302 456
302 469
302 477
302 496
302 508
303 313
303 316
303 318
303 331
303 335
303 343
303 355
303 364
303 373
303 375
303 376
303 380
303 391
303 402
303 422
303 430
303 432
303 435
303 451
303 478
303 492
303 501
303 509
304 306
304 319
304 320
304 357
304 358
304 366
304 375
304 388
304 395
304 403
304 422
304 426
304 446
304 464
304 474
304 475
304 478
304 481
305 306
305 311
305 313
305 335
305 363
305 368
305 371
305 394
305 408
305 417
305 424
305 427
305 432
305 433
305 440
305 443
305 461
305 464
305 497
305 501
306 314
306 320
306 325
306 352
306 359
306 376
306 379
306 404
306 405
306 409
306 442
306 444
306 470
306 494
307 311
307 318
307 320
307 326
307 347
307 371
307 379
307 387
307 397
307 400
307 414
307 416
307 417
307 441
307 445
307 448
307 468
307 472
307 478
307 494
307 498
307 510
307 512
308 324
308 332
308 363
308 373
308 375
308 393
308 394
308 422
308 427
308 432
308 445
308 447
308 454
308 468
308 480
308 495
308 496
308 506
309 327
309 332
309 334
309 339
309 341
309 346
309 349
309 360
309 380
309 399
309 407
309 416
309 425
309 426
309 430
309 434
309 437
309 439
309 453
309 482
309 501
310 318
310 319
310 323
310 337
310 346
310 352
310 357
310 358
310 384
310 418
310 428
310 450
310 453
310 454
310 459
310 469
310 495
310 498
310 503
310 504
311 323
311 326
311 329
311 330
311 332
311 362
311 384
311 390
311 414
311 416
311 417
311 419
311 441
311 453
311 457
311 468
311 492
311 498
311 509
312 316
312 326
312 337
312 343
312 346
312 356
312 363
312 369
312 373
312 382
312 385
312 411
312 412
312 426
312 430
312 435
312 448
312 450
312 451
312 478
312 489
313 329
313 339
313 343
313 346
313 359
313 362
313 382
313 396
313 422
313 423
313 432
313 448
313 450
313 479
313 482
313 492
314 317
314 321
314 325
314 340
314 341
314 361
314 362
314 363
314 365
314 374
314 375
314 378
314 379
314 391
314 393
314 394
314 399
314 400
314 407
314 421
314 447
314 461
314 473
314 479
314 480
314 511
315 324
315 351
315 353
315 357
315 380
315 384
315 388
315 405
315 408
315 421
315 428
315 442
315 443
315 446
315 455
315 463
315 470
315 483
315 484
315 486
315 496
315 502
315 504
315 507
316 323
316 326
316 337
316 365
316 366
316 367
316 370
316 386
316 395
316 416
316 430
316 442
317 328
317 340
317 349
317 353
317 389
317 397
317 404
317 440
317 445
317 470
317 474
317 481
317 485
317 489
317 493
317 495
318 319
318 320
318 322
318 326
318 355
318 364
318 380
318 393
318 401
318 409
318 417
318 423
318 428
318 456
318 482
318 506
319 320
319 322
319 338
319 343
319 371
319 378
319 379
319 396
319 417
319 423
319 440
319 450
319 454
319 459
319 461
319 467
319 480
319 490
319 493
319 494
319 497
319 499
319 502
320 339
320 342
320 346
320 354
320 355
320 359
320 373
320 374
320 376
320 381
320 382
320 391
320 406
320 409
320 412
320 422
320 435
320 437
320 438
320 446
320 458
320 488
320 492
320 496
320 498
320 499
321 324
321 325
321 326
321 338
321 341
321 357
321 368
321 392
321 404
321 406
321 407
321 408
321 414
321 454
321 456
321 473
321 476
321 486
321 499
321 500
321 501
322 328
322 339
322 345
322 358
322 365
322 380
322 382
322 383
322 387
322 401
322 403
322 404
322 405
322 407
322 408
322 421
322 424
322 429
322 436
322 440
322 444
322 445
322 457
322 471
322 474
322 481
322 492
322 505
322 507
322 509
323 338
323 340
323 367
323 407
323 417
323 426
323 457
323 459
323 468
323 488
323 491
323 492
323 509
323 510
324 338
324 365
324 369
324 378
324 383
324 395
324 408
324 415
324 436
324 442
324 456
324 467
324 471
324 477
324 500
324 511
324 512
325 328
325 349
325 355
325 360
325 370
325 389
325 396
325 410
325 414
325 417
325 429
325 446
325 448
325 449
325 452
325 466
325 482
325 498
325 510
326 332
326 341
326 346
326 355
326 359
326 361
326 383
326 384
326 394
326 395
326 398
326 399
326 402
326 416
326 432
326 433
326 444
326 451
326 458
326 461
326 482
326 486
326 509
327 343
327 344
327 354
327 358
327 363
327 402
327 405
327 415
327 416
327 430
327 435
327 443
327 444
327 446
327 462
327 472
327 476
327 478
327 487
327 499
327 505
327 506
327 510
328 347
328 352
328 356
328 360
328 362
328 363
328 398
328 417
328 453
328 454
328 485
328 493
328 500
328 501
328 503
328 506
328 508
329 335
329 348
329 356
329 358
329 359
329 386
329 388
329 400
329 403
329 425
329 426
329 454
329 466
329 469
329 479
329 484
329 499
330 332
330 339
330 340
330 343
330 369
330 374
330 400
330 402
330 418
330 428
330 447
330 452
330 455
330 459
330 468
330 469
330 486
330 487
330 496
331 349
331 358
331 365
331 372
331 374
331 383
331 385
331 386
331 403
331 410
331 414
331 419
331 446
331 456
331 466
331 467
331 472
331 476
331 478
331 482
331 502
331 512
332 350
332 351
332 353
332 356
332 360
332 381
332 395
332 399
332 424
332 428
332 431
332 441
332 443
332 459
332 463
332 465
332 486
332 493
332 498
332 506
333 339
333 346
333 359
333 382
333 385
333 386
333 403
333 408
333 410
333 417
333 422
333 427
333 430
333 432
333 462
333 466
333 469
333 474
333 489
333 501
333 506
334 335
334 336
334 337
334 343
334 346
334 365
334 372
334 377
334 379
334 392
334 398
334 411
334 416
334 447
334 468
334 469
334 470
334 480
334 486
334 503
334 505
334 511
335 350
335 353
335 355
335 382
335 396
335 402
335 408
335 418
335 422
335 424
335 426
335 431
335 438
335 445
335 450
335 465
335 469
335 471
335 472
335 478
335 488
335 490
336 337
336 349
336 351
336 353
336 366
336 374
336 377
336 381
336 411
336 422
336 425
336 445
336 451
336 457
336 464
336 473
336 480
336 489
336 509
337 339
337 352
337 354
337 362
337 364
337 408
337 409
337 414
337 430
337 432
337 437
337 443
337 461
337 468
337 470
337 485
337 499
337 510
338 350
338 356
338 370
338 373
338 374
338 375
338 403
338 410
338 423
338 451
338 453
338 455
338 462
338 466
338 472
338 473
338 474
338 496
338 503
338 508
339 359
339 362
339 372
339 388
339 406
339 415
339 417
339 424
339 446
339 447
339 452
339 457
339 458
339 460
339 467
339 474
339 480
339 485
339 496
340 350
340 359
340 379
340 387
340 410
340 428
340 440
340 445
340 454
340 455
340 474
340 478
340 483
340 488
340 509
341 357
341 367
341 382
341 391
341 392
341 394
341 411
341 447
341 459
341 460
341 477
341 479
341 482
341 486
341 491
341 495
341 496
341 509
342 354
342 371
342 386
342 392
342 398
342 399
342 402
342 408
342 420
342 424
342 466
342 477
342 488
342 491
342 500
342 503
342 506
343 361
343 384
343 387
343 389
343 407
343 416
343 420
343 445
343 451
343 460
343 473
343 482
343 484
343 489
343 494
343 501
344 361
344 374
344 380
344 381
344 385
344 394
344 395
344 402
344 403
344 410
344 417
344 418
344 431
344 434
344 437
344 454
344 459
344 499
344 500
344 507
345 359
345 368
345 376
345 379
345 382
345 386
345 396
345 403
345 409
345 411
345 413
345 436
345 497
346 353
346 367
346 370
346 371
346 377
346 380
346 387
346 396
346 414
346 434
346 454
346 458
346 475
346 484
347 353
347 365
347 374
347 379
347 399
347 402
347 405
347 412
347 428
347 453
347 454
347 463
347 464
347 477
347 479
347 488
347 499
347 501
347 504
347 508
348 349
348 368
348 371
348 374
348 418
348 432
348 446
348 450
348 460
348 463
348 487
348 495
348 502
349 356
349 366
349 380
349 395
349 400
349 410
349 461
349 464
349 465
349 466
349 468
349 478
350 362
350 363
350 365
350 366
350 367
350 376
350 380
350 391
350 403
350 409
350 414
350 416
350 435
350 447
350 455
350 465
350 473
350 476
350 486
350 502
350 504
350 505
351 365
351 369
351 386
351 390
351 404
351 408
351 409
351 410
351 423
351 437
351 459
351 481
351 500
351 501
351 510
352 368
352 378
352 379
352 384
352 393
352 400
352 405
352 409
352 419
352 444
352 458
352 471
352 473
352 485
352 502
352 511
353 362
353 369
353 374
353 384
353 396
353 414
353 429
353 430
353 431
353 444
353 484
353 485
353 488
353 490
353 497
353 505
353 509
354 362
354 384
354 385
354 388
354 406
354 411
354 412
354 423
354 432
354 452
354 462
354 465
354 472
354 481
354 489
354 492
354 508
355 366
355 369
355 381
355 383
355 393
355 395
355 399
355 406
355 429
355 462
355 476
355 481
356 357
356 375
356 383
356 386
356 388
356 395
356 396
356 404
356 407
356 413
356 426
356 429
356 446
356 467
356 469
356 493
357 363
357 386
357 394
357 398
357 401
357 405
357 425
357 444
357 453
357 479
357 483
357 496
357 498
357 508
357 510
358 363
358 368
358 371
358 372
358 375
358 394
358 402
358 411
358 420
358 443
358 445
358 465
358 491
358 502
358 506
359 376
359 377
359 381
359 386
359 390
359 397
359 398
359 407
359 438
359 440
359 458
359 461
359 462
359 472
359 509
360 366
360 379
360 386
360 397
360 418
360 429
360 433
360 434
360 439
360 458
360 459
360 462
360 471
360 482
360 496
360 497
361 366
361 373
361 378
361 392
361 408
361 416
361 428
361 437
361 442
361 454
361 462
361 468
361 476
361 482
361 507
362 368
362 371
362 376
362 378
362 387
362 417
362 419
362 420
362 424
362 430
362 434
362 446
362 452
362 460
362 477
362 498
363 365
363 373
363 407
363 412
363 414
363 416
363 432
363 449
363 457
363 460
363 475
363 483
363 484
363 496
363 498
363 499
364 382
364 391
364 394
364 395
364 406
364 414
364 422
364 425
364 439
364 444
364 448
364 449
364 458
364 463
364 473
364 479
364 482
364 495
364 508
365 372
365 380
365 388
365 397
365 419
365 424
365 435
365 450
365 477
365 479
365 501
365 512
366 373
366 377
366 389
366 392
366 400
366 448
366 452
366 462
366 498
366 511
367 388
367 406
367 411
367 414
367 419
367 420
367 443
367 447
367 454
367 459
367 460
367 461
367 465
367 485
367 508
368 369
368 380
368 381
368 383
368 391
368 405
368 410
368 417
368 436
368 441
368 472
368 474
368 482
368 485
368 487
369 377
369 378
369 385
369 398
369 399
369 404
369 457
369 460
369 470
369 499
369 506
370 384
370 388
370 433
370 436
370 443
370 454
370 456
370 458
370 460
370 470
370 477
370 482
370 499
370 502
370 503
370 509
371 372
371 379
371 383
371 401
371 436
371 438
371 446
371 464
371 468
371 473
371 476
371 478
371 483
371 484
371 487
371 491
371 492
371 497
371 510
372 379
372 380
372 387
372 398
372 407
372 422
372 441
372 469
372 478
372 485
372 487
372 499
373 380
373 386
373 399
373 417
373 420
373 421
373 429
373 441
373 444
373 450
373 471
373 485
373 490
374 381
374 384
374 385
374 388
374 391
374 396
374 403
374 405
374 422
374 428
374 441
374 443
374 445
374 499
374 510
375 385
375 386
375 407
375 419
375 422
375 425
375 444
375 445
375 453
375 477
375 482
375 489
375 492
375 499
375 501
376 383
376 390
376 396
376 398
376 421
376 425
376 428
376 446
376 451
376 453
376 455
376 459
376 467
376 468
376 477
376 500
376 501
376 505
376 512
377 390
377 427
377 428
377 432
377 448
377 459
377 462
377 470
377 482
377 487
377 491
377 495
377 496
377 498
377 499
378 382
378 402
378 406
378 414
378 429
378 431
378 438
378 447
378 450
378 454
378 470
378 473
378 474
378 475
378 490
378 497
378 503
379 381
379 382
379 400
379 403
379 408
379 409
379 417
379 424
379 443
379 467
379 471
379 474
379 506
379 507
380 395
380 402
380 427
380 430
380 437
380 468
380 484
381 408
381 429
381 438
381 441
381 444
381 449
381 474
381 479
381 493
381 496
382 397
382 402
382 416
382 432
382 436
382 441
382 443
382 449
382 453
382 458
382 467
382 483
382 488
382 502
382 504
383 391
383 401
383 414
383 424
383 426
383 444
383 453
383 462
383 492
383 501
383 511
384 397
384 408
384 414
384 420
384 431
384 460
384 463
384 466
384 478
384 479
384 501
384 503
385 390
385 391
385 408
385 422
385 423
385 438
385 454
385 457
385 472
385 486
385 487
385 489
386 390
386 397
386 418
386 424
386 436
386 442
386 444
386 460
386 461
386 470
386 471
386 478
386 479
386 480
386 487
386 489
387 391
387 398
387 411
387 420
387 421
387 437
387 445
387 460
387 464
387 468
387 471
387 473
387 499
387 507
388 402
388 406
388 418
388 421
388 429
388 433
388 437
388 449
388 458
388 504
389 402
389 411
389 413
389 419
389 424
389 456
389 461
389 476
389 479
389 480
389 491
389 497
389 501
390 398
390 416
390 418
390 430
390 443
390 450
390 460
390 462
390 463
390 474
390 483
390 487
390 509
390 511
391 393
391 409
391 416
391 442
391 449
391 454
391 458
391 469
391 482
391 483
391 489
391 504
391 512
392 397
392 402
392 403
392 415
392 420
392 426
392 429
392 444
392 450
392 463
392 477
392 504
392 505
393 397
393 410
393 413
393 414
393 435
393 475
393 488
393 509
393 511
394 401
394 410
394 419
394 420
394 435
394 439
394 445
394 451
394 459
394 465
394 473
394 479
394 503
394 512
395 399
395 416
395 419
395 445
395 449
395 450
395 463
395 471
395 475
395 487
395 489
396 401
396 405
396 417
396 420
396 421
396 438
396 440
396 447
396 449
396 457
396 463
396 468
396 473
396 488
397 407
397 418
397 427
397 442
397 444
397 450
397 452
397 456
397 470
397 471
397 478
397 484
397 497
398 400
398 404
398 408
398 409
398 415
398 419
398 420
398 430
398 434
398 464
398 467
398 475
398 478
398 480
398 485
399 402
399 403
399 444
399 459
399 464
399 482
399 491
399 502
399 503
399 508
399 509
400 403
400 410
400 420
400 436
400 438
400 439
400 446
400 459
400 460
400 465
400 477
400 478
400 488
400 499
400 504
401 410
401 417
401 443
401 444
401 450
401 457
401 478
401 485
401 489
401 499
402 417
402 444
402 454
402 465
402 473
402 483
402 506
402 509
402 511
403 417
403 424
403 428
403 439
403 447
403 468
403 475
403 483
403 496
403 510
404 410
404 440
404 460
404 463
404 474
404 490
405 419
405 439
405 484
405 499
405 511
406 411
406 413
406 418
406 426
406 433
406 437
406 466
406 476
406 479
406 506
407 416
407 431
407 433
407 441
407 447
407 451
407 461
407 474
407 479
407 488
407 496
407 508
407 511
407 512
408 420
408 427
408 429
408 431
408 433
408 438
408 445
408 450
408 451
408 468
408 479
408 483
408 484
409 415
409 423
409 431
409 444
409 446
409 454
409 459
409 462
409 502
409 510
409 511
410 451
410 456
410 464
410 466
410 467
410 473
410 501
411 417
411 418
411 434
411 436
411 454
411 472
411 486
411 503
412 417
412 422
412 424
412 425
412 431
412 433
412 435
412 441
412 447
412 457
412 460
412 464
412 494
412 500
413 418
413 421
413 430
413 437
413 440
413 460
413 464
413 477
413 483
413 484
413 485
413 491
413 501
414 424
414 427
414 439
414 450
414 455
414 463
414 472
414 475
414 490
414 499
414 511
415 419
415 440
415 478
415 485
415 486
415 505
416 423
416 426
416 438
416 440
416 453
416 456
416 476
416 500
416 502
416 505
416 508
416 510
417 432
417 437
417 481
417 482
417 489
418 430
418 499
418 503
418 505
419 426
419 430
419 460
419 505
419 510
420 422
420 456
420 477
420 481
420 483
420 490
420 493
420 495
420 496
420 498
420 510
421 423
421 436
421 450
421 453
421 455
421 464
421 471
421 474
421 495
421 496
421 499
421 502
421 508
421 512
422 424
422 427
422 431
422 433
422 435
422 456
422 457
422 460
422 463
422 483
422 485
422 499
422 503
422 507
423 426
423 444
423 457
423 460
423 476
423 477
424 427
424 430
424 434
424 443
424 450
424 462
424 466
424 473
424 480
424 501
424 502
424 505
424 509
425 426
425 429
425 440
425 451
425 459
425 461
425 468
425 476
425 479
425 497
425 506
426 430
426 439
426 465
426 466
426 473
426 476
426 491
426 505
426 507
426 512
427 428
427 445
427 450
427 453
427 485
427 487
427 495
427 496
427 506
428 449
428 451
428 453
428 458
428 486
428 501
428 502
428 507
428 508
428 512
429 441
429 455
429 469
429 484
429 491
429 505
429 511
430 441
430 446
430 458
430 461
430 469
430 472
430 476
430 481
430 493
430 494
430 499
430 505
430 508
431 442
431 443
431 449
431 452
431 453
431 455
431 473
431 474
431 489
431 494
432 433
432 461
432 475
432 485
432 497
432 500
432 504
432 507
432 510
433 460
433 478
433 485
433 500
434 437
434 449
434 458
434 463
434 484
434 511
435 441
435 442
435 476
435 486
435 500
435 504
435 512
436 448
436 454
436 457
436 458
436 473
436 475
436 480
436 503
436 508
437 438
437 442
437 445
437 462
437 468
437 470
437 480
437 481
437 486
437 503
438 439
438 440
438 449
438 460
438 469
438 483
438 489
438 506
439 448
439 481
439 491
439 499
439 500
440 445
440 454
440 456
440 474
440 481
440 482
440 491
440 496
440 510
441 468
441 486
441 487
441 493
441 504
442 443
442 450
442 455
442 486
442 487
442 495
442 502
442 511
443 444
443 445
443 446
443 457
443 459
443 464
443 470
443 477
443 490
443 497
443 501
443 506
443 508
444 451
444 455
444 456
444 470
444 477
444 492
445 448
445 449
445 454
445 460
445 478
445 479
445 482
445 509
446 450
446 453
446 457
446 479
446 491
447 448
447 462
447 469
447 470
447 471
447 476
447 481
447 496
447 505
447 511
448 457
448 458
448 459
448 461
448 468
448 474
448 499
448 502
449 464
449 466
449 484
449 492
449 502
449 506
449 508
450 459
450 482
450 487
450 491
450 504
451 452
451 453
451 454
451 479
451 488
451 507
452 461
452 462
452 467
452 474
452 478
452 481
452 503
452 504
452 512
453 455
453 488
453 493
453 496
453 506
453 509
454 464
454 473
454 474
454 487
454 491
454 501
455 456
455 472
455 480
455 486
455 489
455 491
455 499
455 512
456 470
456 472
456 474
457 463
457 464
457 466
457 505
457 509
457 510
457 512
458 463
458 464
458 472
458 478
458 483
459 468
459 473
459 479
459 502
459 512
460 466
460 472
460 475
460 483
460 484
460 503
460 507
461 470
461 501
461 503
461 508
462 486
462 489
462 503
462 505
463 485
463 490
463 496
463 504
463 512
464 467
464 472
464 481
464 486
464 504
465 473
465 488
465 495
466 482
466 488
466 499
467 482
467 510
468 475
468 495
468 498
468 511
469 480
469 511
469 512
470 483
470 489
471 492
471 506
471 511
472 475
472 479
472 488
472 493
472 495
472 506
473 474
473 487
473 495
473 507
473 509
474 478
474 483
474 486
474 503
474 505
475 477
475 486
475 512
476 488
476 490
476 498
476 507
476 512
477 490
477 512
478 482
478 490
478 495
479 480
479 483
479 490
479 496
479 497
479 505
480 487
480 490
480 496
481 492
481 502
482 489
482 491
482 501
483 490
483 493
483 506
483 508
484 490
484 500
484 506
484 510
485 497
485 501
485 505
486 499
486 503
487 490
488 495
488 497
488 499
488 504
488 505
489 498
489 507
489 510
491 496
491 499
491 501
491 503
492 504
492 508
493 495
493 503
493 507
493 509
493 512
494 500
494 503
494 504
494 511
494 512
495 496
495 508
496 504
496 509
497 507
498 501
498 505
502 504
504 505
505 508
507 511
